-500,68.6662030354615
-499.933293309319,139.22562599686
-499.866586618637,312.887993070686
-499.799879927956,48.7066383854719
-499.733173237275,271.642805365586
-499.666466546594,115.242407269609
-499.599759855913,336.001874697476
-499.533053165232,304.200455033398
-499.466346474551,206.47657424579
-499.39963978387,63.1001905527673
-499.332933093189,156.473812301792
-499.266226402508,209.243608232698
-499.199519711827,189.608409748505
-499.132813021146,116.097998789347
-499.066106330465,93.6697724399436
-498.999399639784,111.017103625856
-498.932692949102,199.765583795134
-498.865986258421,163.273796906606
-498.79927956774,188.475571307108
-498.732572877059,60.4892828440944
-498.665866186378,334.919132040067
-498.599159495697,95.8390505631828
-498.532452805016,132.217745642272
-498.465746114335,56.1516915694215
-498.399039423654,122.126071914455
-498.332332732973,116.760916058739
-498.265626042292,90.9264213266222
-498.198919351611,158.812630107408
-498.13221266093,71.6155539977923
-498.065505970248,185.011029646989
-497.998799279567,47.5109843057874
-497.932092588886,78.799420365288
-497.865385898205,156.787997727335
-497.798679207524,147.323402830698
-497.731972516843,126.969427269374
-497.665265826162,120.010418667082
-497.598559135481,30.0968251614745
-497.5318524448,168.999101191114
-497.465145754119,81.2088799111413
-497.398439063438,121.521087728701
-497.331732372757,176.298116850675
-497.265025682076,190.652639775061
-497.198318991395,25.8145291897956
-497.131612300713,106.936209338668
-497.064905610032,131.270895157813
-496.998198919351,348.755219372622
-496.93149222867,224.419879247968
-496.864785537989,98.3028038079738
-496.798078847308,274.338354064703
-496.731372156627,230.106396710248
-496.664665465946,133.003899230588
-496.597958775265,161.671838992947
-496.531252084584,339.262768179933
-496.464545393903,158.09048511102
-496.397838703222,218.008999485026
-496.33113201254,74.3065421325227
-496.264425321859,163.14829070956
-496.197718631178,51.2088163202664
-496.131011940497,97.9205513360608
-496.064305249816,217.905634777031
-495.997598559135,44.1088308255533
-495.930891868454,235.96779745881
-495.864185177773,7.70997148002108
-495.797478487092,322.158479672671
-495.730771796411,101.448372825204
-495.66406510573,57.4362312955684
-495.597358415049,161.171466930446
-495.530651724368,225.098650546924
-495.463945033687,197.950670904787
-495.397238343005,153.149637207305
-495.330531652324,207.851558382048
-495.263824961643,304.896049710701
-495.197118270962,82.4657351048831
-495.130411580281,157.515630896931
-495.0637048896,91.2151272508603
-494.996998198919,264.771221131728
-494.930291508238,399.03509921116
-494.863584817557,155.097094269027
-494.796878126876,155.682399822578
-494.730171436195,24.1314267962828
-494.663464745514,150.271480596066
-494.596758054833,230.130076060201
-494.530051364151,186.044040036155
-494.46334467347,61.3293017150402
-494.396637982789,109.667953729674
-494.329931292108,28.8861861232076
-494.263224601427,151.00769937741
-494.196517910746,70.9468458469012
-494.129811220065,193.070167302449
-494.063104529384,169.963392182539
-493.996397838703,174.636289274669
-493.929691148022,323.667252455007
-493.862984457341,320.756705225515
-493.79627776666,311.83794298966
-493.729571075979,63.2827458732744
-493.662864385297,196.055446586365
-493.596157694616,282.270180982948
-493.529451003935,91.7697413666777
-493.462744313254,225.983362781792
-493.396037622573,59.3544672401438
-493.329330931892,306.515251455853
-493.262624241211,111.257800956271
-493.19591755053,83.2957956238261
-493.129210859849,112.030699995354
-493.062504169168,163.791568026189
-492.995797478487,126.407053063412
-492.929090787806,319.334412059353
-492.862384097125,173.547106066583
-492.795677406444,309.608676217659
-492.728970715762,246.821953681196
-492.662264025081,169.478095744697
-492.5955573344,303.206524352117
-492.528850643719,393.446762386062
-492.462143953038,277.05152363493
-492.395437262357,51.11236597195
-492.328730571676,37.9504271732635
-492.262023880995,112.086129473895
-492.195317190314,187.063108944378
-492.128610499633,72.9563388106388
-492.061903808952,86.1541910085938
-491.995197118271,72.0888008022659
-491.92849042759,161.779001089259
-491.861783736908,233.486956562694
-491.795077046227,123.382205374239
-491.728370355546,106.946969354627
-491.661663664865,139.52598312469
-491.594956974184,100.863301530928
-491.528250283503,63.6808706873334
-491.461543592822,138.403057083671
-491.394836902141,187.269718649764
-491.32813021146,225.617413113922
-491.261423520779,304.228963073808
-491.194716830098,277.935083823322
-491.128010139417,88.8141459396553
-491.061303448736,228.255391830913
-490.994596758055,319.929454022378
-490.927890067373,184.824347025708
-490.861183376692,149.186253926426
-490.794476686011,95.8715744408535
-490.72776999533,398.826606473603
-490.661063304649,359.200622241184
-490.594356613968,297.825969686272
-490.527649923287,80.2393484416452
-490.460943232606,90.4268426661745
-490.394236541925,255.970160998741
-490.327529851244,77.0715294881792
-490.260823160563,220.890072958685
-490.194116469882,28.1399652728434
-490.1274097792,64.6379178322837
-490.060703088519,170.758573563194
-489.993996397838,63.4020859384929
-489.927289707157,142.584798445716
-489.860583016476,31.8419326303581
-489.793876325795,44.3249630360056
-489.727169635114,113.579078210892
-489.660462944433,131.563167017466
-489.593756253752,218.529030874286
-489.527049563071,146.247342463411
-489.46034287239,59.8485298795059
-489.393636181709,87.8542373181941
-489.326929491028,123.952359781631
-489.260222800347,44.4411812257161
-489.193516109665,200.788929229257
-489.126809418984,142.419492988156
-489.060102728303,137.467987758716
-488.993396037622,52.7959783076667
-488.926689346941,38.974249904542
-488.85998265626,282.80396605823
-488.793275965579,349.180983907926
-488.726569274898,17.7462676117544
-488.659862584217,210.855475671822
-488.593155893536,83.6251796233049
-488.526449202855,207.355468422974
-488.459742512174,236.683852991693
-488.393035821493,149.611605108459
-488.326329130811,126.680774486814
-488.25962244013,54.1687368219703
-488.192915749449,49.7112031461803
-488.126209058768,121.257332302788
-488.059502368087,95.4102732419426
-487.992795677406,88.7166961999888
-487.926088986725,64.2104299553422
-487.859382296044,198.696659671474
-487.792675605363,63.7031717330347
-487.725968914682,144.835602102851
-487.659262224001,48.2430781539187
-487.59255553332,168.21634059089
-487.525848842639,148.250465928425
-487.459142151958,118.603588126831
-487.392435461276,178.630157768533
-487.325728770595,35.7928542845072
-487.259022079914,230.01108279185
-487.192315389233,220.976866463775
-487.125608698552,178.854561021725
-487.058902007871,279.83297065831
-486.99219531719,62.3628797755419
-486.925488626509,407.125118766301
-486.858781935828,229.619362450171
-486.792075245147,142.101482339525
-486.725368554466,297.676584238513
-486.658661863785,20.2276539449393
-486.591955173104,240.973173342334
-486.525248482422,183.318144488766
-486.458541791741,74.8065289417563
-486.39183510106,116.147568192274
-486.325128410379,66.9806652733217
-486.258421719698,88.5552350306742
-486.191715029017,148.427977421231
-486.125008338336,170.508327046518
-486.058301647655,63.8828887947899
-485.991594956974,157.828475205296
-485.924888266293,175.871191992689
-485.858181575612,86.5227407629389
-485.791474884931,124.333055677596
-485.72476819425,329.780175470365
-485.658061503568,234.014473763386
-485.591354812887,173.709359168505
-485.524648122206,297.893749051194
-485.457941431525,157.200919211407
-485.391234740844,278.227344803171
-485.324528050163,55.5435255050448
-485.257821359482,190.89852519471
-485.191114668801,75.6320001518601
-485.12440797812,187.394822901316
-485.057701287439,75.2479518316728
-484.990994596758,87.7428913512671
-484.924287906077,89.2869690377496
-484.857581215396,142.798363190504
-484.790874524714,172.638468633176
-484.724167834033,98.6158612709211
-484.657461143352,157.86265297292
-484.590754452671,182.599582738191
-484.52404776199,193.60259225236
-484.457341071309,238.988630822156
-484.390634380628,103.685359028837
-484.323927689947,118.972605455752
-484.257220999266,81.936771523307
-484.190514308585,280.817489498352
-484.123807617904,44.2267065468893
-484.057100927223,15.3150755680771
-483.990394236542,137.898571766754
-483.923687545861,207.088658416441
-483.856980855179,115.768744912798
-483.790274164498,126.654045078453
-483.723567473817,201.663685617002
-483.656860783136,137.366964986058
-483.590154092455,376.874771679575
-483.523447401774,177.30742706755
-483.456740711093,41.6130391027854
-483.390034020412,157.171506715341
-483.323327329731,116.655267642628
-483.25662063905,362.534662585013
-483.189913948369,276.024202585077
-483.123207257688,251.256722601254
-483.056500567007,29.9130731078492
-482.989793876325,234.906634351949
-482.923087185644,135.608438783853
-482.856380494963,400.277359462974
-482.789673804282,249.395445052257
-482.722967113601,262.946085419219
-482.65626042292,199.904728588539
-482.589553732239,138.950488634994
-482.522847041558,51.9154153035222
-482.456140350877,276.170388821126
-482.389433660196,319.566850364742
-482.322726969515,116.687630951269
-482.256020278834,115.277990701416
-482.189313588153,71.9698091687932
-482.122606897471,274.235983839086
-482.05590020679,132.556322946458
-481.989193516109,89.9728577036929
-481.922486825428,259.097595610902
-481.855780134747,268.968175986452
-481.789073444066,132.758706687952
-481.722366753385,66.356409316894
-481.655660062704,224.496326591827
-481.588953372023,164.960316503826
-481.522246681342,73.3607753202341
-481.455539990661,133.361679314064
-481.38883329998,181.809019087216
-481.322126609299,303.76609514642
-481.255419918618,83.3838697813994
-481.188713227936,73.0710054788822
-481.122006537255,57.4473986374648
-481.055299846574,61.9666666835091
-480.988593155893,338.68730372863
-480.921886465212,31.4994653436681
-480.855179774531,232.301205705699
-480.78847308385,87.9607543424847
-480.721766393169,176.938840504145
-480.655059702488,205.767911209273
-480.588353011807,206.789064140363
-480.521646321126,174.276995766708
-480.454939630445,113.256862607173
-480.388232939763,91.7177109131391
-480.321526249082,159.414317629021
-480.254819558401,125.603933119174
-480.18811286772,176.30019403795
-480.121406177039,34.9253618072013
-480.054699486358,189.376492713386
-479.987992795677,160.819129803756
-479.921286104996,118.110431198743
-479.854579414315,171.501528225397
-479.787872723634,257.721994688274
-479.721166032953,180.094802326367
-479.654459342272,104.290513379623
-479.587752651591,231.923631572496
-479.52104596091,209.207882959117
-479.454339270228,217.167603704811
-479.387632579547,268.382784505605
-479.320925888866,69.020446319694
-479.254219198185,166.047864578801
-479.187512507504,144.367873168638
-479.120805816823,196.935810342012
-479.054099126142,110.594907816916
-478.987392435461,114.419159527408
-478.92068574478,190.570400069792
-478.853979054099,223.868771756833
-478.787272363418,159.793961767369
-478.720565672737,159.325476621693
-478.653858982056,161.942578250938
-478.587152291374,185.112044554631
-478.520445600693,115.592334129147
-478.453738910012,250.993436431893
-478.387032219331,125.136591592453
-478.32032552865,138.063291279838
-478.253618837969,40.0684493121794
-478.186912147288,255.775659030951
-478.120205456607,162.430403748799
-478.053498765926,83.5124243016796
-477.986792075245,214.613396049361
-477.920085384564,220.711549972703
-477.853378693883,29.1373373192684
-477.786672003202,89.7538841624413
-477.719965312521,12.9664338300613
-477.653258621839,69.4630999966472
-477.586551931158,240.34825956337
-477.519845240477,130.785158859892
-477.453138549796,154.178582527683
-477.386431859115,133.086120911213
-477.319725168434,167.060397089274
-477.253018477753,245.794586503151
-477.186311787072,80.1839091531821
-477.119605096391,66.8947986218494
-477.05289840571,250.656697317471
-476.986191715029,134.515333901264
-476.919485024348,128.442289980677
-476.852778333667,62.9724480227037
-476.786071642985,111.167588693412
-476.719364952304,237.786171761641
-476.652658261623,51.013766465006
-476.585951570942,61.7348770614553
-476.519244880261,284.326397327825
-476.45253818958,180.812989528675
-476.385831498899,84.0009029065905
-476.319124808218,127.191533224868
-476.252418117537,224.114206695216
-476.185711426856,115.781386048804
-476.119004736175,91.7415288340431
-476.052298045494,138.033618384835
-475.985591354813,34.8615197150598
-475.918884664131,119.881414070592
-475.85217797345,105.071557853585
-475.785471282769,81.7916475984145
-475.718764592088,29.243899388627
-475.652057901407,55.4937218408033
-475.585351210726,116.167415990189
-475.518644520045,92.877886382481
-475.451937829364,136.58321910782
-475.385231138683,249.982727377902
-475.318524448002,77.1945537963951
-475.251817757321,154.304721719412
-475.18511106664,353.443645818732
-475.118404375959,86.1562947150311
-475.051697685277,82.3884842554085
-474.984990994596,144.323994436897
-474.918284303915,106.48393335522
-474.851577613234,26.9876699189652
-474.784870922553,257.949441200876
-474.718164231872,44.2577603928
-474.651457541191,145.354279128261
-474.58475085051,161.351414953253
-474.518044159829,193.822361735926
-474.451337469148,77.8614766922007
-474.384630778467,195.874068146214
-474.317924087786,131.531401300666
-474.251217397105,75.6494499052332
-474.184510706424,57.8257744825839
-474.117804015742,43.595146974276
-474.051097325061,56.4695517737153
-473.98439063438,334.025671308415
-473.917683943699,40.2661038189799
-473.850977253018,110.0885209283
-473.784270562337,92.8441781608305
-473.717563871656,166.577138280782
-473.650857180975,239.815849719011
-473.584150490294,124.457736908568
-473.517443799613,198.697683735453
-473.450737108932,152.548449846356
-473.384030418251,108.989089161176
-473.31732372757,109.282605480628
-473.250617036888,66.7914768161041
-473.183910346207,89.6447105035566
-473.117203655526,138.306353094809
-473.050496964845,150.749197871257
-472.983790274164,164.025589292238
-472.917083583483,290.619807675775
-472.850376892802,208.110790374433
-472.783670202121,49.5964069890531
-472.71696351144,135.292764919981
-472.650256820759,193.551646951175
-472.583550130078,162.511168436959
-472.516843439397,174.769824079522
-472.450136748716,158.256708191344
-472.383430058034,176.22633975127
-472.316723367353,140.976277619405
-472.250016676672,149.039782191443
-472.183309985991,93.8273047920259
-472.11660329531,128.566541882812
-472.049896604629,240.070692579907
-471.983189913948,138.598341083963
-471.916483223267,140.015184854184
-471.849776532586,81.0862996976915
-471.783069841905,41.8765376711616
-471.716363151224,333.649681237459
-471.649656460543,191.630450028971
-471.582949769862,47.1495662889494
-471.516243079181,53.4698648433919
-471.449536388499,156.742862389953
-471.382829697818,186.772060063322
-471.316123007137,143.643103307216
-471.249416316456,50.5191157194637
-471.182709625775,244.039553477373
-471.116002935094,137.181978971723
-471.049296244413,65.9774882390603
-470.982589553732,30.7993773717761
-470.915882863051,143.726462625651
-470.84917617237,169.005195792223
-470.782469481689,153.394293991505
-470.715762791008,214.578096791357
-470.649056100327,14.9657685318775
-470.582349409645,176.380205145798
-470.515642718964,51.6032124155981
-470.448936028283,133.116305861888
-470.382229337602,248.314355413661
-470.315522646921,33.4783189561827
-470.24881595624,253.251224052317
-470.182109265559,211.168426323979
-470.115402574878,282.576048565705
-470.048695884197,34.8069766684327
-469.981989193516,173.50865374726
-469.915282502835,110.847323456013
-469.848575812154,367.710595818805
-469.781869121473,277.893441589479
-469.715162430791,187.612362979196
-469.64845574011,178.937659684812
-469.581749049429,183.021778233672
-469.515042358748,272.432380390056
-469.448335668067,256.125487849781
-469.381628977386,101.651515735652
-469.314922286705,9.80140306468743
-469.248215596024,194.557164776048
-469.181508905343,229.352512969143
-469.114802214662,188.731461342614
-469.048095523981,143.475503654889
-468.9813888333,105.647449428908
-468.914682142619,327.659862925521
-468.847975451937,146.915290457219
-468.781268761256,107.795119252177
-468.714562070575,175.129858749742
-468.647855379894,130.292257281181
-468.581148689213,282.329826595509
-468.514441998532,29.6639205413419
-468.447735307851,53.6262454624667
-468.38102861717,123.303616060506
-468.314321926489,201.487302362465
-468.247615235808,19.7426932615971
-468.180908545127,85.4947665117513
-468.114201854446,131.649339545525
-468.047495163765,126.014904647451
-467.980788473084,59.1924357648591
-467.914081782402,43.8381862577507
-467.847375091721,151.639488170952
-467.78066840104,19.814511203902
-467.713961710359,56.3519879990004
-467.647255019678,69.9372685840723
-467.580548328997,110.983595158275
-467.513841638316,88.2108232274567
-467.447134947635,140.117374470966
-467.380428256954,236.380891073826
-467.313721566273,209.824108035407
-467.247014875592,137.817281017634
-467.180308184911,379.764457367997
-467.11360149423,133.130391619391
-467.046894803548,131.27735732687
-466.980188112867,84.5753241813753
-466.913481422186,10.9389328358492
-466.846774731505,105.41116370231
-466.780068040824,203.920986200482
-466.713361350143,167.351547784682
-466.646654659462,65.6577188280164
-466.579947968781,221.152245312501
-466.5132412781,62.3079062893597
-466.446534587419,208.853271930344
-466.379827896738,272.817239711948
-466.313121206057,311.946695057966
-466.246414515376,100.860988969635
-466.179707824695,119.85568509797
-466.113001134013,100.615113771858
-466.046294443332,253.016163044539
-465.979587752651,235.548703888902
-465.91288106197,117.223169479098
-465.846174371289,98.8393011298582
-465.779467680608,106.193818604242
-465.712760989927,72.0024662952129
-465.646054299246,217.863527593313
-465.579347608565,67.3595092457548
-465.512640917884,244.294486263398
-465.445934227203,131.600988205527
-465.379227536522,84.2459686943586
-465.31252084584,180.589226096246
-465.245814155159,146.255481764898
-465.179107464478,82.2829560884114
-465.112400773797,68.4983331235927
-465.045694083116,83.425963695544
-464.978987392435,220.972098159462
-464.912280701754,199.643836374886
-464.845574011073,228.580336051487
-464.778867320392,77.2827494976592
-464.712160629711,242.809555780622
-464.64545393903,149.037228760506
-464.578747248349,264.966011696111
-464.512040557668,115.891024922465
-464.445333866987,305.471685578874
-464.378627176305,142.329925886318
-464.311920485624,58.5550300746456
-464.245213794943,223.644330121555
-464.178507104262,177.111079750476
-464.111800413581,125.2751027353
-464.0450937229,10.8788327428365
-463.978387032219,271.218638867569
-463.911680341538,253.326375387623
-463.844973650857,208.171651202405
-463.778266960176,136.441926332844
-463.711560269495,301.909824262872
-463.644853578814,102.347030380459
-463.578146888133,233.707329543541
-463.511440197451,133.474896955546
-463.44473350677,128.87782731714
-463.378026816089,217.812365642648
-463.311320125408,109.179276985962
-463.244613434727,219.539642741794
-463.177906744046,176.443671240085
-463.111200053365,113.348226384296
-463.044493362684,103.434692559817
-462.977786672003,196.799598242132
-462.911079981322,169.036029285044
-462.844373290641,61.5424963492406
-462.77766659996,150.999260651542
-462.710959909279,79.3096430593312
-462.644253218597,32.6935750568015
-462.577546527916,121.136632653839
-462.510839837235,165.072307569303
-462.444133146554,161.781512695865
-462.377426455873,199.873107307791
-462.310719765192,69.173221273614
-462.244013074511,211.248120432641
-462.17730638383,124.335423179604
-462.110599693149,180.790505873385
-462.043893002468,50.9943576814531
-461.977186311787,279.293423642548
-461.910479621106,153.034911229772
-461.843772930425,288.411874302663
-461.777066239744,169.561157692755
-461.710359549062,286.876889375372
-461.643652858381,104.072637591865
-461.5769461677,39.4474754302457
-461.510239477019,392.41901224787
-461.443532786338,169.036173677318
-461.376826095657,78.3006678174971
-461.310119404976,127.660996094188
-461.243412714295,8.38073694470239
-461.176706023614,226.815101483327
-461.109999332933,132.72615780151
-461.043292642252,68.9700791472188
-460.976585951571,173.597010431702
-460.90987926089,20.1922741867289
-460.843172570208,156.481709760474
-460.776465879527,174.043885598212
-460.709759188846,234.649391360059
-460.643052498165,218.910397184081
-460.576345807484,139.315080062379
-460.509639116803,263.220523968822
-460.442932426122,158.478161861469
-460.376225735441,98.1391735496106
-460.30951904476,46.5595642916118
-460.242812354079,274.166316570217
-460.176105663398,82.214156601859
-460.109398972717,206.158153656115
-460.042692282036,189.672364871502
-459.975985591355,155.938502597073
-459.909278900673,127.784638250063
-459.842572209992,141.097698733385
-459.775865519311,55.0825823606744
-459.70915882863,259.424778779199
-459.642452137949,81.111647942678
-459.575745447268,428.692005584274
-459.509038756587,78.7057313291466
-459.442332065906,26.828489792373
-459.375625375225,272.897190505902
-459.308918684544,210.198234298958
-459.242211993863,86.3405473058602
-459.175505303182,176.775906495221
-459.1087986125,84.1106103103942
-459.042091921819,184.04701419421
-458.975385231138,112.309618700676
-458.908678540457,172.804558959338
-458.841971849776,142.693953923243
-458.775265159095,235.116993424825
-458.708558468414,195.317016458453
-458.641851777733,305.426210874888
-458.575145087052,116.763016733141
-458.508438396371,138.307533773097
-458.44173170569,168.446356014484
-458.375025015009,209.325937075658
-458.308318324328,244.924643152774
-458.241611633647,93.5113418474557
-458.174904942965,51.0933917850764
-458.108198252284,184.865445124323
-458.041491561603,160.221653803634
-457.974784870922,111.0966908589
-457.908078180241,24.9766364504658
-457.84137148956,117.205499775021
-457.774664798879,97.2388657129686
-457.707958108198,250.458359263117
-457.641251417517,190.117897475433
-457.574544726836,135.419236733925
-457.507838036155,161.69707809909
-457.441131345474,113.300629863632
-457.374424654793,314.899288512829
-457.307717964111,223.466161549035
-457.24101127343,220.665379138945
-457.174304582749,197.112380655502
-457.107597892068,291.665787369274
-457.040891201387,128.320050157566
-456.974184510706,146.966210569795
-456.907477820025,36.5779649348126
-456.840771129344,104.488000284337
-456.774064438663,205.653595481792
-456.707357747982,28.8685652067413
-456.640651057301,29.40707021848
-456.57394436662,64.9075773298854
-456.507237675939,86.313273473371
-456.440530985258,120.557664220309
-456.373824294576,239.379081889697
-456.307117603895,89.8573131293085
-456.240410913214,224.880977548452
-456.173704222533,189.92825433902
-456.106997531852,221.920682011754
-456.040290841171,204.767932485279
-455.97358415049,120.690735969369
-455.906877459809,329.155305621561
-455.840170769128,316.207297382376
-455.773464078447,233.956295040554
-455.706757387766,124.907132887839
-455.640050697085,25.252602189256
-455.573344006404,159.557257738495
-455.506637315722,132.233748788901
-455.439930625041,194.164489353404
-455.37322393436,187.657894189033
-455.306517243679,127.337822839635
-455.239810552998,204.991845338308
-455.173103862317,225.151115202028
-455.106397171636,130.717040774294
-455.039690480955,212.041731860857
-454.972983790274,102.131617048484
-454.906277099593,359.414377215756
-454.839570408912,186.134723246457
-454.772863718231,101.566632001768
-454.70615702755,70.1517417918472
-454.639450336868,115.834012627552
-454.572743646187,45.8823050337645
-454.506036955506,167.9224069716
-454.439330264825,109.792735528873
-454.372623574144,44.7742153537231
-454.305916883463,181.772544014675
-454.239210192782,106.948404991766
-454.172503502101,209.434347140406
-454.10579681142,185.126457748109
-454.039090120739,195.695698510511
-453.972383430058,159.208308487864
-453.905676739377,154.75480535753
-453.838970048696,134.301282871195
-453.772263358014,204.226944876424
-453.705556667333,112.953376377334
-453.638849976652,200.966092713788
-453.572143285971,197.813669269057
-453.50543659529,316.041317365081
-453.438729904609,209.387995543496
-453.372023213928,98.7915946594545
-453.305316523247,134.452561135106
-453.238609832566,361.482251256734
-453.171903141885,247.682635098494
-453.105196451204,89.0509090308793
-453.038489760523,192.938510417887
-452.971783069842,173.406592820325
-452.905076379161,66.1989953594252
-452.838369688479,278.645224113958
-452.771662997798,200.035909501735
-452.704956307117,33.04787042477
-452.638249616436,138.60918841555
-452.571542925755,120.589221734774
-452.504836235074,140.964775795794
-452.438129544393,95.6711112651767
-452.371422853712,61.6192551384285
-452.304716163031,183.066315812596
-452.23800947235,184.102813965825
-452.171302781669,94.1658620114139
-452.104596090988,45.5239587640032
-452.037889400307,77.0795439066255
-451.971182709625,205.511322480224
-451.904476018944,192.180078655332
-451.837769328263,53.5895579370414
-451.771062637582,273.150499533787
-451.704355946901,99.3703075507863
-451.63764925622,143.832699802462
-451.570942565539,201.080850774194
-451.504235874858,58.212049937986
-451.437529184177,131.626260968671
-451.370822493496,204.922980942865
-451.304115802815,210.150863383974
-451.237409112134,165.18080551476
-451.170702421453,119.76139723247
-451.103995730771,113.208523810898
-451.03728904009,157.119678548181
-450.970582349409,40.1094886034753
-450.903875658728,96.0604971449674
-450.837168968047,104.03475657606
-450.770462277366,245.940674058838
-450.703755586685,73.7673647859568
-450.637048896004,145.275379521199
-450.570342205323,88.3555288391944
-450.503635514642,78.4710939529128
-450.436928823961,102.837395211804
-450.37022213328,69.3867697997301
-450.303515442599,195.149464483551
-450.236808751918,136.176279875687
-450.170102061236,151.123181189514
-450.103395370555,69.996152017395
-450.036688679874,132.36012660653
-449.969981989193,58.8634398850254
-449.903275298512,54.5931201167516
-449.836568607831,65.623300525165
-449.76986191715,150.267726659139
-449.703155226469,136.732059467512
-449.636448535788,74.7772259883236
-449.569741845107,181.449964532173
-449.503035154426,206.720449554927
-449.436328463745,110.027262166038
-449.369621773063,152.180284603374
-449.302915082382,105.651641655653
-449.236208391701,101.315793494836
-449.16950170102,133.703711781041
-449.102795010339,58.0839188214427
-449.036088319658,127.487848857835
-448.969381628977,189.175864181776
-448.902674938296,23.2198647146998
-448.835968247615,119.720955716195
-448.769261556934,59.7296739659407
-448.702554866253,100.873410378149
-448.635848175572,168.87409516701
-448.569141484891,119.377006985191
-448.50243479421,66.85387994973
-448.435728103528,199.722890221452
-448.369021412847,216.21724386937
-448.302314722166,192.529608487668
-448.235608031485,94.6685954492058
-448.168901340804,86.1756116400581
-448.102194650123,36.7729019262609
-448.035487959442,101.080707681716
-447.968781268761,102.932791234777
-447.90207457808,384.274839472928
-447.835367887399,117.509350357773
-447.768661196718,89.690057856148
-447.701954506037,168.791889703469
-447.635247815356,257.624822567179
-447.568541124674,113.16600990283
-447.501834433993,142.035576745958
-447.435127743312,166.155295639519
-447.368421052631,112.078683410103
-447.30171436195,206.99008129151
-447.235007671269,250.881256116549
-447.168300980588,206.544907337521
-447.101594289907,233.721497937865
-447.034887599226,102.395239083803
-446.968180908545,241.126815101014
-446.901474217864,77.2759993645585
-446.834767527183,280.547559195846
-446.768060836502,239.160131169412
-446.701354145821,49.8332319168145
-446.634647455139,154.737218478225
-446.567940764458,108.104475316886
-446.501234073777,283.996965082881
-446.434527383096,206.706621546978
-446.367820692415,96.588087325725
-446.301114001734,136.616399485542
-446.234407311053,217.598199741465
-446.167700620372,199.334680882069
-446.100993929691,224.975735959844
-446.03428723901,126.424820402249
-445.967580548329,187.537105975143
-445.900873857648,115.422358994907
-445.834167166967,203.450578206561
-445.767460476285,238.917881863254
-445.700753785604,69.3671584552471
-445.634047094923,104.48244896624
-445.567340404242,66.9483531466478
-445.500633713561,130.63900943275
-445.43392702288,181.488408943424
-445.367220332199,110.343608106997
-445.300513641518,20.5018166933488
-445.233806950837,91.7483677398913
-445.167100260156,354.780343816494
-445.100393569475,132.999211542803
-445.033686878794,99.6174090786956
-444.966980188113,92.4710993840619
-444.900273497431,161.717289224842
-444.83356680675,134.999737829622
-444.766860116069,126.246346047725
-444.700153425388,142.781280010023
-444.633446734707,80.6972253145998
-444.566740044026,42.0043517896351
-444.500033353345,65.4755184271685
-444.433326662664,116.139814722119
-444.366619971983,70.0384328788823
-444.299913281302,112.038847956965
-444.233206590621,182.078530864634
-444.16649989994,232.815082675887
-444.099793209259,200.237627722573
-444.033086518577,52.9028588115181
-443.966379827896,54.7986297649325
-443.899673137215,138.898210042475
-443.832966446534,326.930544838809
-443.766259755853,88.6131778306839
-443.699553065172,52.4223352871134
-443.632846374491,79.7526153102595
-443.56613968381,88.2202594481379
-443.499432993129,426.561715973224
-443.432726302448,82.0502218249246
-443.366019611767,249.57811964933
-443.299312921086,125.234981818667
-443.232606230405,95.1357609414591
-443.165899539724,101.671316310344
-443.099192849042,75.7169359417713
-443.032486158361,218.016707118065
-442.96577946768,34.1936363808597
-442.899072776999,145.250272153812
-442.832366086318,238.351454919727
-442.765659395637,58.0134773829544
-442.698952704956,269.971584377702
-442.632246014275,21.2996932781121
-442.565539323594,266.521052129238
-442.498832632913,252.378757942728
-442.432125942232,71.3875360704165
-442.365419251551,323.341944217127
-442.29871256087,226.353717566457
-442.232005870188,123.214807332148
-442.165299179507,267.014225763597
-442.098592488826,152.093723336408
-442.031885798145,366.816186019628
-441.965179107464,201.70036727268
-441.898472416783,166.561586411587
-441.831765726102,43.5311034738059
-441.765059035421,345.978323591573
-441.69835234474,303.450202082497
-441.631645654059,160.235314108028
-441.564938963378,312.452179718469
-441.498232272697,222.907907533923
-441.431525582016,198.316657273389
-441.364818891334,274.797917802551
-441.298112200653,75.036592830933
-441.231405509972,213.088033438741
-441.164698819291,60.5877373400548
-441.09799212861,295.665657904647
-441.031285437929,5.35174996525621
-440.964578747248,14.6548032684784
-440.897872056567,67.7458805892893
-440.831165365886,109.805095381558
-440.764458675205,234.615306127458
-440.697751984524,104.708572934266
-440.631045293843,111.062144659137
-440.564338603162,73.2133614110196
-440.497631912481,193.017532115615
-440.430925221799,126.387033110735
-440.364218531118,30.8275029645856
-440.297511840437,21.1379797908346
-440.230805149756,106.481348366204
-440.164098459075,134.126363215452
-440.097391768394,207.12719968254
-440.030685077713,296.518396350421
-439.963978387032,235.438889755213
-439.897271696351,177.640269441063
-439.83056500567,127.427111612055
-439.763858314989,159.504958624904
-439.697151624308,79.8488253170647
-439.630444933627,209.499264681715
-439.563738242945,51.5723147816603
-439.497031552264,281.937620874224
-439.430324861583,249.180932657344
-439.363618170902,85.0612928870996
-439.296911480221,36.4541935786086
-439.23020478954,261.598003521816
-439.163498098859,88.8868040951846
-439.096791408178,248.566557801587
-439.030084717497,111.139578385877
-438.963378026816,334.152161164624
-438.896671336135,132.127720783336
-438.829964645454,360.393080381806
-438.763257954773,253.655017447994
-438.696551264091,111.525617712577
-438.62984457341,403.348667309035
-438.563137882729,287.9136081171
-438.496431192048,254.719098930828
-438.429724501367,104.716905585867
-438.363017810686,305.540626106128
-438.296311120005,339.866153872383
-438.229604429324,206.127287751918
-438.162897738643,244.508727473668
-438.096191047962,121.301819130573
-438.029484357281,327.305564529942
-437.9627776666,98.757125729919
-437.896070975919,135.863420909136
-437.829364285237,139.043618970937
-437.762657594556,179.086990899739
-437.695950903875,216.98957104338
-437.629244213194,68.5666446796633
-437.562537522513,107.27393449791
-437.495830831832,86.5826037584634
-437.429124141151,128.62513675898
-437.36241745047,199.250109356537
-437.295710759789,80.6676759950373
-437.229004069108,123.850178389616
-437.162297378427,92.6630697066575
-437.095590687746,242.962097647476
-437.028883997065,117.174999378526
-436.962177306384,131.318043332382
-436.895470615702,82.0358539138466
-436.828763925021,130.372971119456
-436.76205723434,186.485181699311
-436.695350543659,178.239826107705
-436.628643852978,45.2365177805674
-436.561937162297,171.035315240432
-436.495230471616,138.790080397286
-436.428523780935,139.584806421279
-436.361817090254,187.155041807094
-436.295110399573,69.9507503886669
-436.228403708892,189.335008817268
-436.161697018211,146.380691447466
-436.09499032753,79.284741324105
-436.028283636848,129.793852147357
-435.961576946167,85.3021971215236
-435.894870255486,61.7711508328566
-435.828163564805,185.283000851488
-435.761456874124,81.6012687076451
-435.694750183443,41.8118306029255
-435.628043492762,207.932004005172
-435.561336802081,226.778241700023
-435.4946301114,44.7011684708916
-435.427923420719,200.896947551553
-435.361216730038,90.6554249569518
-435.294510039357,162.102690243339
-435.227803348676,202.400650622403
-435.161096657995,241.448686053564
-435.094389967313,144.647983783188
-435.027683276632,160.088246263432
-434.960976585951,89.1304466883244
-434.89426989527,198.023494536468
-434.827563204589,229.548384803834
-434.760856513908,47.9773670087539
-434.694149823227,79.0036533072574
-434.627443132546,161.523652721425
-434.560736441865,109.18439214959
-434.494029751184,81.3689901834231
-434.427323060503,75.8997012740935
-434.360616369822,201.733388101968
-434.29390967914,234.199592890197
-434.227202988459,83.4091572304797
-434.160496297778,109.700792712121
-434.093789607097,119.098585285499
-434.027082916416,109.601157540428
-433.960376225735,115.728120935243
-433.893669535054,188.136494936647
-433.826962844373,45.4718758094951
-433.760256153692,62.9748796356066
-433.693549463011,95.6504260093169
-433.62684277233,112.112363180447
-433.560136081649,41.7399976887185
-433.493429390968,201.228424209389
-433.426722700287,134.037036036005
-433.360016009605,91.8173476610441
-433.293309318924,190.250254673439
-433.226602628243,57.5869416784903
-433.159895937562,195.545572238004
-433.093189246881,298.55051535105
-433.0264825562,84.0041799629185
-432.959775865519,115.889266381118
-432.893069174838,29.1185023699127
-432.826362484157,99.4641156983829
-432.759655793476,70.732403048355
-432.692949102795,53.1463044801454
-432.626242412114,106.472701422234
-432.559535721433,120.727160208669
-432.492829030751,117.614442771129
-432.42612234007,33.635255223557
-432.359415649389,82.7696211043006
-432.292708958708,233.695624214873
-432.226002268027,33.9725571828147
-432.159295577346,169.585140029772
-432.092588886665,230.923385854658
-432.025882195984,144.337917076963
-431.959175505303,200.206825892766
-431.892468814622,86.5101119791608
-431.825762123941,160.305581827893
-431.75905543326,36.422098541793
-431.692348742579,142.580210515371
-431.625642051898,109.567967573738
-431.558935361216,168.547140926805
-431.492228670535,312.549792542611
-431.425521979854,167.25236940546
-431.358815289173,82.5802099073294
-431.292108598492,158.307793282809
-431.225401907811,216.766164695686
-431.15869521713,147.78320954304
-431.091988526449,277.714745377048
-431.025281835768,208.300009378472
-430.958575145087,136.354222008707
-430.891868454406,90.6514787289247
-430.825161763725,171.312954595894
-430.758455073044,254.608303528207
-430.691748382362,81.3332278600969
-430.625041691681,97.6811167414797
-430.558335001,101.157134937076
-430.491628310319,153.969370260515
-430.424921619638,125.374136499947
-430.358214928957,70.2971261430568
-430.291508238276,136.011949478082
-430.224801547595,18.9173614635337
-430.158094856914,59.1013657897564
-430.091388166233,185.122426882504
-430.024681475552,290.837791113889
-429.957974784871,129.601262256915
-429.89126809419,85.7055910252991
-429.824561403508,59.2244831558486
-429.757854712827,61.1840305596778
-429.691148022146,311.648660303381
-429.624441331465,137.702985204192
-429.557734640784,231.774395172047
-429.491027950103,95.6721172842025
-429.424321259422,102.989703600655
-429.357614568741,125.577875156401
-429.29090787806,265.998109349089
-429.224201187379,319.813221051195
-429.157494496698,208.492222996456
-429.090787806017,109.576867434107
-429.024081115336,210.599712316455
-428.957374424655,256.389409969517
-428.890667733973,128.06956438367
-428.823961043292,147.623108055569
-428.757254352611,109.839005394105
-428.69054766193,18.1250173804828
-428.623840971249,331.240509081008
-428.557134280568,51.4816703008681
-428.490427589887,280.62125359757
-428.423720899206,81.8912672458864
-428.357014208525,89.5756841885389
-428.290307517844,113.983797344366
-428.223600827163,320.027639507935
-428.156894136482,138.087489554803
-428.0901874458,58.8911427406816
-428.023480755119,130.88617743366
-427.956774064438,210.876075988113
-427.890067373757,380.636271681832
-427.823360683076,161.004412948387
-427.756653992395,152.143400761379
-427.689947301714,349.876598287274
-427.623240611033,86.6867113558021
-427.556533920352,5.46620934124594
-427.489827229671,168.598065061397
-427.42312053899,75.3464500808236
-427.356413848309,129.122128560244
-427.289707157628,43.0455315678398
-427.223000466947,131.42031213258
-427.156293776265,114.666906679493
-427.089587085584,233.310836474858
-427.022880394903,194.209383390464
-426.956173704222,103.129684166968
-426.889467013541,146.35420279386
-426.82276032286,72.9344780092718
-426.756053632179,23.8884813424589
-426.689346941498,395.303999477288
-426.622640250817,144.041688933903
-426.555933560136,162.088643672064
-426.489226869455,163.530147458705
-426.422520178774,283.244796250106
-426.355813488093,173.039594212688
-426.289106797411,142.867934487617
-426.22240010673,272.170752397633
-426.155693416049,117.908006658238
-426.088986725368,123.999968665918
-426.022280034687,19.1702388605031
-425.955573344006,84.0105351824196
-425.888866653325,42.6401103002249
-425.822159962644,158.83563520749
-425.755453271963,148.740221078272
-425.688746581282,179.216854462141
-425.622039890601,270.325921526937
-425.55533319992,232.222147504319
-425.488626509239,268.027668694948
-425.421919818558,132.100435960865
-425.355213127876,81.7942755443043
-425.288506437195,164.422040410455
-425.221799746514,77.1580914801309
-425.155093055833,51.4487914965716
-425.088386365152,25.6122186489558
-425.021679674471,96.3376234291042
-424.95497298379,185.452054735107
-424.888266293109,118.357512127071
-424.821559602428,294.744248401569
-424.754852911747,104.333930816193
-424.688146221066,220.237845922563
-424.621439530385,165.253873399457
-424.554732839704,272.620223493887
-424.488026149022,191.01173490799
-424.421319458341,120.175050479145
-424.35461276766,46.8212223399754
-424.287906076979,146.593606288959
-424.221199386298,190.530526662478
-424.154492695617,191.780828120674
-424.087786004936,127.582060126314
-424.021079314255,72.0237463082756
-423.954372623574,96.7603676369767
-423.887665932893,147.180238623354
-423.820959242212,194.336057587908
-423.754252551531,40.9951275442624
-423.68754586085,38.9625332702936
-423.620839170168,221.850452676318
-423.554132479487,182.522865543099
-423.487425788806,91.7550672411609
-423.420719098125,284.107792117166
-423.354012407444,125.38212902522
-423.287305716763,219.244130055204
-423.220599026082,73.3738121632253
-423.153892335401,44.6347321370589
-423.08718564472,110.007246987746
-423.020478954039,85.8147606649454
-422.953772263358,192.033843703489
-422.887065572677,144.467820641362
-422.820358881996,103.683811897657
-422.753652191314,319.13565301493
-422.686945500633,167.960478853678
-422.620238809952,238.19828293405
-422.553532119271,76.4101280565808
-422.48682542859,182.967587762523
-422.420118737909,262.344832146485
-422.353412047228,79.9900605925656
-422.286705356547,58.1159078875899
-422.219998665866,98.0001775375035
-422.153291975185,89.5958735161029
-422.086585284504,35.7564908458916
-422.019878593823,98.6309600977355
-421.953171903142,92.6200345765926
-421.886465212461,116.336297870796
-421.819758521779,21.165599206075
-421.753051831098,172.777378404369
-421.686345140417,74.3007090202864
-421.619638449736,219.473279729716
-421.552931759055,103.260057646343
-421.486225068374,74.8366091414491
-421.419518377693,145.630504846197
-421.352811687012,223.639056785852
-421.286104996331,149.513184559818
-421.21939830565,151.166011482607
-421.152691614969,114.19955625681
-421.085984924288,211.290431205558
-421.019278233607,152.097250933158
-420.952571542925,138.547525620301
-420.885864852244,24.2937818044265
-420.819158161563,96.6416290645615
-420.752451470882,254.399987856417
-420.685744780201,141.423418920805
-420.61903808952,92.7406685122869
-420.552331398839,114.918823421905
-420.485624708158,172.047486110891
-420.418918017477,261.655625274336
-420.352211326796,17.6771648117989
-420.285504636115,127.802390101715
-420.218797945434,58.8767951299469
-420.152091254753,267.792498536671
-420.085384564071,73.3035616600674
-420.01867787339,126.493874907328
-419.951971182709,43.8272142279582
-419.885264492028,85.7818068880543
-419.818557801347,168.905178173543
-419.751851110666,127.309619392619
-419.685144419985,57.8119659278917
-419.618437729304,112.368541489916
-419.551731038623,239.129347907258
-419.485024347942,117.169079187979
-419.418317657261,61.2784980233841
-419.35161096658,139.046100880717
-419.284904275899,162.078459644602
-419.218197585218,112.352282209873
-419.151490894536,116.554735812447
-419.084784203855,104.695300736281
-419.018077513174,125.164902153748
-418.951370822493,99.0784842768477
-418.884664131812,307.601372729297
-418.817957441131,80.187268475347
-418.75125075045,148.186749741194
-418.684544059769,115.726985127605
-418.617837369088,266.550296273014
-418.551130678407,183.910929622667
-418.484423987726,154.045468757262
-418.417717297045,90.9667936928771
-418.351010606364,243.158456542939
-418.284303915682,299.001226206467
-418.217597225001,79.9181789178419
-418.15089053432,188.163397494477
-418.084183843639,10.9367054508776
-418.017477152958,327.979153533407
-417.950770462277,7.59602128280758
-417.884063771596,75.1762529657631
-417.817357080915,29.6456974498708
-417.750650390234,104.726312318204
-417.683943699553,137.333728088308
-417.617237008872,203.793390803731
-417.550530318191,263.847014071628
-417.48382362751,188.160766808537
-417.417116936828,245.764498400305
-417.350410246147,84.3138606844641
-417.283703555466,90.4078646748492
-417.216996864785,80.6425627810773
-417.150290174104,148.668155984636
-417.083583483423,156.660485058219
-417.016876792742,154.459448254871
-416.950170102061,115.784992641419
-416.88346341138,178.943876003533
-416.816756720699,74.5711151538713
-416.750050030018,226.720347159566
-416.683343339337,127.433907613169
-416.616636648656,23.3838476214427
-416.549929957974,133.937861360816
-416.483223267293,291.384387440757
-416.416516576612,258.628356482237
-416.349809885931,201.148265964241
-416.28310319525,97.7065339311995
-416.216396504569,170.715102815243
-416.149689813888,242.785510637608
-416.082983123207,192.668228370738
-416.016276432526,171.571391439249
-415.949569741845,193.350537667914
-415.882863051164,321.137615773839
-415.816156360483,130.59030076338
-415.749449669802,23.8258560814678
-415.682742979121,281.489108760705
-415.616036288439,188.838778571587
-415.549329597758,207.784085690585
-415.482622907077,183.082716970322
-415.415916216396,220.648267100653
-415.349209525715,169.734750599097
-415.282502835034,277.820676376894
-415.215796144353,408.328249576177
-415.149089453672,315.352617199638
-415.082382762991,239.193857909153
-415.01567607231,143.3462371066
-414.948969381629,403.111020452815
-414.882262690948,340.602533278402
-414.815556000267,52.8999160556359
-414.748849309585,164.033604021479
-414.682142618904,400.897224217221
-414.615435928223,342.158795137959
-414.548729237542,83.2167971372035
-414.482022546861,129.813209148232
-414.41531585618,54.1390411214371
-414.348609165499,199.004006010314
-414.281902474818,149.084938638926
-414.215195784137,84.4795948459189
-414.148489093456,199.040646186674
-414.081782402775,156.665876491928
-414.015075712094,215.76880358789
-413.948369021413,34.8513741368432
-413.881662330732,148.517394216219
-413.81495564005,58.4987113329056
-413.748248949369,202.087785986362
-413.681542258688,428.986799255247
-413.614835568007,159.867331197818
-413.548128877326,125.742250063341
-413.481422186645,72.1938431444589
-413.414715495964,246.714859991802
-413.348008805283,364.308566009887
-413.281302114602,149.914015681334
-413.214595423921,33.8970186501865
-413.14788873324,238.82030472964
-413.081182042559,220.912466141846
-413.014475351877,140.743664400727
-412.947768661196,194.927520980297
-412.881061970515,241.258124233483
-412.814355279834,94.4771020221261
-412.747648589153,74.0160819440763
-412.680941898472,128.780110749025
-412.614235207791,259.542291194666
-412.54752851711,91.96757322842
-412.480821826429,146.790933077147
-412.414115135748,131.793207744484
-412.347408445067,203.739488019163
-412.280701754386,91.0351910583032
-412.213995063705,259.006945462678
-412.147288373024,178.235809053861
-412.080581682342,52.7505745293843
-412.013874991661,63.4907811467715
-411.94716830098,113.600083266138
-411.880461610299,277.454472072607
-411.813754919618,124.23984755804
-411.747048228937,146.402062398855
-411.680341538256,192.67133416373
-411.613634847575,189.231642530584
-411.546928156894,188.560894886744
-411.480221466213,159.745388433166
-411.413514775532,171.029175852916
-411.346808084851,109.963297252263
-411.28010139417,143.300288872831
-411.213394703488,297.634491064158
-411.146688012807,226.212989552373
-411.079981322126,99.4888109992017
-411.013274631445,243.720136488407
-410.946567940764,192.709822084397
-410.879861250083,155.866207115116
-410.813154559402,289.164717518067
-410.746447868721,43.7840305529467
-410.67974117804,135.78463586881
-410.613034487359,173.328234717045
-410.546327796678,134.445929435725
-410.479621105997,178.500581635656
-410.412914415316,46.3139298730211
-410.346207724634,150.593877574693
-410.279501033953,289.289428821266
-410.212794343272,123.315136413073
-410.146087652591,110.656027304916
-410.07938096191,58.1598133945655
-410.012674271229,258.889386448807
-409.945967580548,263.74576334644
-409.879260889867,95.3612273802128
-409.812554199186,249.345104845542
-409.745847508505,31.6002480910851
-409.679140817824,252.166700268553
-409.612434127143,58.4942732553619
-409.545727436462,70.5169402108719
-409.479020745781,116.073902275166
-409.412314055099,93.9356506679343
-409.345607364418,107.087655467423
-409.278900673737,79.9891861573861
-409.212193983056,97.4857381326937
-409.145487292375,48.2103592168951
-409.078780601694,167.777235322664
-409.012073911013,171.175273223169
-408.945367220332,118.887471547842
-408.878660529651,87.833445122962
-408.81195383897,180.966007163809
-408.745247148289,182.419105988644
-408.678540457608,123.846661877776
-408.611833766927,166.951178589336
-408.545127076245,128.724830353537
-408.478420385564,318.065439020812
-408.411713694883,103.332876758604
-408.345007004202,274.369658548936
-408.278300313521,114.129333764216
-408.21159362284,40.7026302872497
-408.144886932159,57.026030139267
-408.078180241478,163.455696997303
-408.011473550797,122.032537230355
-407.944766860116,53.6044367084319
-407.878060169435,217.930821137477
-407.811353478754,45.2353616620044
-407.744646788073,91.2278896927997
-407.677940097391,228.326903449524
-407.61123340671,158.43396594521
-407.544526716029,88.9865558654441
-407.477820025348,167.841502252653
-407.411113334667,74.6899525668952
-407.344406643986,47.2244468644922
-407.277699953305,39.9233310589335
-407.210993262624,170.118499743512
-407.144286571943,181.801292909436
-407.077579881262,191.693645125888
-407.010873190581,166.137602484084
-406.9441664999,210.593296141746
-406.877459809219,40.2973960108286
-406.810753118537,144.770484762791
-406.744046427856,69.6895758559432
-406.677339737175,188.443212753149
-406.610633046494,310.098435124701
-406.543926355813,218.875570622377
-406.477219665132,275.224603447224
-406.410512974451,247.406974580429
-406.34380628377,160.018976477436
-406.277099593089,95.273623429822
-406.210392902408,104.995823065266
-406.143686211727,277.165887526206
-406.076979521046,389.716443017715
-406.010272830365,150.352933767597
-405.943566139684,120.024823254557
-405.876859449002,117.580627919896
-405.810152758321,311.640341374968
-405.74344606764,167.265008152907
-405.676739376959,47.746944887387
-405.610032686278,313.373562568786
-405.543325995597,53.8955818064547
-405.476619304916,223.807132445823
-405.409912614235,304.453235914497
-405.343205923554,151.521974151817
-405.276499232873,141.647464338756
-405.209792542192,81.3863483963767
-405.143085851511,282.171764667299
-405.07637916083,85.2316679108343
-405.009672470148,197.92466242127
-404.942965779467,158.694136171368
-404.876259088786,149.742488045948
-404.809552398105,77.710651905103
-404.742845707424,139.865567933611
-404.676139016743,325.249294155717
-404.609432326062,108.317134992743
-404.542725635381,111.486959397745
-404.4760189447,64.6035223503891
-404.409312254019,233.922742994183
-404.342605563338,116.823218507169
-404.275898872657,68.4698275618441
-404.209192181976,157.770028679358
-404.142485491295,255.78292095273
-404.075778800613,255.370865995474
-404.009072109932,309.800048187331
-403.942365419251,337.222536300538
-403.87565872857,156.985881442971
-403.808952037889,350.52587817181
-403.742245347208,119.082546963804
-403.675538656527,293.186131234877
-403.608831965846,323.190358414797
-403.542125275165,224.335572055602
-403.475418584484,180.621449751362
-403.408711893803,251.522432397835
-403.342005203122,185.835453401235
-403.27529851244,321.485009432149
-403.208591821759,301.02497809384
-403.141885131078,52.6918849809704
-403.075178440397,23.8452197679427
-403.008471749716,145.529398232844
-402.941765059035,76.0241623400266
-402.875058368354,37.787175178328
-402.808351677673,31.2819147848413
-402.741644986992,225.792472063141
-402.674938296311,148.188191218466
-402.60823160563,358.412986044593
-402.541524914949,141.246741805438
-402.474818224268,164.453866632452
-402.408111533587,166.839820488296
-402.341404842905,122.481958317742
-402.274698152224,272.12344974909
-402.207991461543,24.1023236578899
-402.141284770862,122.901481464396
-402.074578080181,49.6234425068412
-402.0078713895,200.071936338644
-401.941164698819,288.406223055384
-401.874458008138,200.880869369621
-401.807751317457,198.937764042904
-401.741044626776,171.975736747255
-401.674337936095,146.779726000289
-401.607631245414,345.563125939721
-401.540924554733,113.173484471995
-401.474217864051,229.931356524309
-401.40751117337,124.46297682195
-401.340804482689,219.201869528759
-401.274097792008,236.540515858919
-401.207391101327,127.301874906735
-401.140684410646,158.023992818656
-401.073977719965,103.101909338232
-401.007271029284,335.327493472917
-400.940564338603,84.3320820968586
-400.873857647922,315.846760756103
-400.807150957241,225.664363063908
-400.74044426656,96.4586576699355
-400.673737575879,192.452766075817
-400.607030885198,200.535186155522
-400.540324194516,410.062326146893
-400.473617503835,396.282089242933
-400.406910813154,218.558545316923
-400.340204122473,180.342151109695
-400.273497431792,183.293262286373
-400.206790741111,191.864420238301
-400.14008405043,162.043464225073
-400.073377359749,157.030391575288
-400.006670669068,79.0813838406795
-399.939963978387,219.680490790858
-399.873257287706,198.407044597623
-399.806550597025,63.8151193677342
-399.739843906344,192.848977174103
-399.673137215662,81.5581281949034
-399.606430524981,83.3748174382371
-399.5397238343,122.816437753375
-399.473017143619,80.9455809078754
-399.406310452938,253.081242839848
-399.339603762257,72.4793585131363
-399.272897071576,231.109553019304
-399.206190380895,289.574358140414
-399.139483690214,21.0745701850637
-399.072776999533,158.287705962511
-399.006070308852,67.6722314760614
-398.939363618171,62.3483556675786
-398.87265692749,123.023009355915
-398.805950236808,201.483692688323
-398.739243546127,173.785786201677
-398.672536855446,68.0955912100455
-398.605830164765,126.229420176838
-398.539123474084,201.612215849175
-398.472416783403,284.966858308041
-398.405710092722,129.940060409061
-398.339003402041,97.0961590839052
-398.27229671136,110.773718334194
-398.205590020679,177.605222207778
-398.138883329998,165.535339675013
-398.072176639317,177.708166676559
-398.005469948636,270.69932912111
-397.938763257955,160.810985407167
-397.872056567273,185.06252569594
-397.805349876592,131.859677391203
-397.738643185911,85.7505516782504
-397.67193649523,169.266226823535
-397.605229804549,137.295918600012
-397.538523113868,146.259664971553
-397.471816423187,213.202297739012
-397.405109732506,212.396922311214
-397.338403041825,19.5462652406077
-397.271696351144,414.555789580898
-397.204989660463,317.833333199308
-397.138282969782,275.253033998881
-397.0715762791,141.741494915819
-397.004869588419,75.1970264817308
-396.938162897738,283.104864251621
-396.871456207057,247.347938019418
-396.804749516376,258.998016751465
-396.738042825695,206.326550121787
-396.671336135014,88.2182034945968
-396.604629444333,183.280080644341
-396.537922753652,368.914208364484
-396.471216062971,218.660798355157
-396.40450937229,324.816549235624
-396.337802681609,245.328230492303
-396.271095990928,239.13428380986
-396.204389300247,358.61637458833
-396.137682609565,28.6249679089716
-396.070975918884,360.107426089204
-396.004269228203,131.415997547104
-395.937562537522,308.989450382742
-395.870855846841,209.054136070039
-395.80414915616,311.89245017159
-395.737442465479,309.707445155006
-395.670735774798,232.570277235845
-395.604029084117,285.263754570151
-395.537322393436,403.210742760763
-395.470615702755,352.092093998575
-395.403909012074,223.471244451277
-395.337202321393,381.248256842221
-395.270495630711,271.234946851235
-395.20378894003,99.4925064852494
-395.137082249349,269.00091515862
-395.070375558668,472.538743081116
-395.003668867987,267.521785051228
-394.936962177306,96.2469674961073
-394.870255486625,81.5591850827457
-394.803548795944,287.421682675656
-394.736842105263,461.229905833211
-394.670135414582,102.975216814511
-394.603428723901,71.9489810555507
-394.53672203322,309.049057638988
-394.470015342539,163.35484724929
-394.403308651858,87.6242182591402
-394.336601961176,124.287711171474
-394.269895270495,288.7213655726
-394.203188579814,212.097754465079
-394.136481889133,102.777838764059
-394.069775198452,172.803170329374
-394.003068507771,58.3560648705512
-393.93636181709,206.374512362796
-393.869655126409,189.428051560351
-393.802948435728,37.6704272643787
-393.736241745047,68.2140699951063
-393.669535054366,211.10724847484
-393.602828363685,91.1963345318156
-393.536121673004,286.260876657264
-393.469414982322,51.0079188213395
-393.402708291641,121.705116072896
-393.33600160096,322.110428351995
-393.269294910279,49.9434186128583
-393.202588219598,239.198400580347
-393.135881528917,164.34752051905
-393.069174838236,209.305406627646
-393.002468147555,171.638350208955
-392.935761456874,188.969495463394
-392.869054766193,186.226708875363
-392.802348075512,198.030435049856
-392.735641384831,32.6064590265002
-392.66893469415,173.969959909115
-392.602228003468,255.927228167184
-392.535521312787,186.648360931194
-392.468814622106,153.68875709197
-392.402107931425,49.0239909469995
-392.335401240744,252.564643206664
-392.268694550063,246.20734493928
-392.201987859382,50.9764512723557
-392.135281168701,82.8316343932315
-392.06857447802,157.592824615295
-392.001867787339,117.324150388939
-391.935161096658,101.8879713193
-391.868454405977,182.326135947945
-391.801747715296,12.9031037421857
-391.735041024614,174.364769031036
-391.668334333933,105.745056325559
-391.601627643252,164.905135173453
-391.534920952571,75.3455150508187
-391.46821426189,82.3441273221124
-391.401507571209,139.312055905019
-391.334800880528,168.980488639296
-391.268094189847,82.5897424738063
-391.201387499166,298.454354893983
-391.134680808485,110.2191731414
-391.067974117804,104.98736339144
-391.001267427123,128.692204749544
-390.934560736442,129.377440447831
-390.867854045761,213.794072362646
-390.801147355079,219.425578565135
-390.734440664398,22.5699036117816
-390.667733973717,109.494203840529
-390.601027283036,205.475786289849
-390.534320592355,143.584006426604
-390.467613901674,166.309135958685
-390.400907210993,34.7310984751155
-390.334200520312,127.595836003317
-390.267493829631,205.027964064821
-390.20078713895,73.8144928638335
-390.134080448269,113.56787518569
-390.067373757588,69.7014353706459
-390.000667066907,76.3953225407325
-389.933960376225,307.510051166785
-389.867253685544,64.3202450604175
-389.800546994863,48.0649956113751
-389.733840304182,253.352441276177
-389.667133613501,169.562461784453
-389.60042692282,202.313252287958
-389.533720232139,176.734786070428
-389.467013541458,167.419026010277
-389.400306850777,140.219369736304
-389.333600160096,130.841614246346
-389.266893469415,104.502892919016
-389.200186778734,251.789267827246
-389.133480088053,110.546492574706
-389.066773397371,94.5924584400701
-389.00006670669,172.68003919897
-388.933360016009,50.4265739924908
-388.866653325328,164.34489537503
-388.799946634647,284.345521513354
-388.733239943966,61.494110035852
-388.666533253285,147.90251394419
-388.599826562604,90.9684834386561
-388.533119871923,152.390068343246
-388.466413181242,223.584828117758
-388.399706490561,202.019058804703
-388.33299979988,62.9651037640087
-388.266293109199,102.713228342236
-388.199586418518,61.1887956681968
-388.132879727836,267.05465160271
-388.066173037155,270.019262276221
-387.999466346474,278.90740110505
-387.932759655793,165.354936639669
-387.866052965112,115.600994037423
-387.799346274431,233.149389839569
-387.73263958375,156.382105975984
-387.665932893069,131.921248285478
-387.599226202388,14.4063857302221
-387.532519511707,31.3848645817664
-387.465812821026,109.482010901906
-387.399106130345,141.056119783086
-387.332399439664,82.0884192873831
-387.265692748982,29.0914693777763
-387.198986058301,143.428397356959
-387.13227936762,215.665174537315
-387.065572676939,174.183862355057
-386.998865986258,27.1754050478618
-386.932159295577,182.258823229993
-386.865452604896,51.4822103749402
-386.798745914215,250.05412509747
-386.732039223534,200.120961137725
-386.665332532853,195.489367559123
-386.598625842172,82.8955676383036
-386.531919151491,216.292057149871
-386.46521246081,313.384261297142
-386.398505770128,128.687631984677
-386.331799079447,61.194028367785
-386.265092388766,290.466300287638
-386.198385698085,415.130584049989
-386.131679007404,143.779391570604
-386.064972316723,130.257306088087
-385.998265626042,73.7301204299916
-385.931558935361,220.36162430847
-385.86485224468,253.593968309948
-385.798145553999,108.476701572468
-385.731438863318,94.5271247993311
-385.664732172637,176.593536793672
-385.598025481956,96.8769236396562
-385.531318791274,241.042488338855
-385.464612100593,109.445042393494
-385.397905409912,215.720889725168
-385.331198719231,155.380662944573
-385.26449202855,126.921203316817
-385.197785337869,166.786129186035
-385.131078647188,97.5242327814717
-385.064371956507,22.9570544907738
-384.997665265826,61.5216682494213
-384.930958575145,147.672071213653
-384.864251884464,112.254349493913
-384.797545193783,72.5354937476421
-384.730838503102,144.018516588198
-384.664131812421,218.321997690279
-384.597425121739,182.981864877687
-384.530718431058,65.9118924012578
-384.464011740377,127.552254436701
-384.397305049696,113.893870472853
-384.330598359015,154.847408833533
-384.263891668334,215.69948349761
-384.197184977653,136.521861971443
-384.130478286972,187.27549235327
-384.063771596291,317.538414463352
-383.99706490561,178.026355763814
-383.930358214929,33.005239762358
-383.863651524248,19.6858631862905
-383.796944833567,319.041983019804
-383.730238142885,272.674356727277
-383.663531452204,131.778335075506
-383.596824761523,17.34886202359
-383.530118070842,92.4315690601389
-383.463411380161,200.564253353689
-383.39670468948,166.972252089276
-383.329997998799,111.57490293016
-383.263291308118,204.315542734323
-383.196584617437,230.571960583173
-383.129877926756,79.6577822150395
-383.063171236075,147.2701981257
-382.996464545394,188.294179384389
-382.929757854713,241.703229249502
-382.863051164032,273.600711136674
-382.79634447335,36.8352839737874
-382.729637782669,189.274788443652
-382.662931091988,260.483365740395
-382.596224401307,146.667783039745
-382.529517710626,192.171654090886
-382.462811019945,167.205973701379
-382.396104329264,287.861178470113
-382.329397638583,153.768992826096
-382.262690947902,111.406969055258
-382.195984257221,75.2501872131201
-382.12927756654,215.022893281286
-382.062570875859,142.43259907794
-381.995864185177,99.2411035753146
-381.929157494496,76.5701774888494
-381.862450803815,233.516667716146
-381.795744113134,360.005408175892
-381.729037422453,168.192860995294
-381.662330731772,54.4844544491059
-381.595624041091,60.2841261765173
-381.52891735041,169.37289021848
-381.462210659729,92.7800808827286
-381.395503969048,21.3457656024704
-381.328797278367,315.338124852756
-381.262090587686,92.2341643049648
-381.195383897005,138.264308620864
-381.128677206324,38.4039692773379
-381.061970515642,238.799927500807
-380.995263824961,23.038339618231
-380.92855713428,117.793753956588
-380.861850443599,186.8163260163
-380.795143752918,88.9522349447414
-380.728437062237,190.86371333187
-380.661730371556,31.3987228455409
-380.595023680875,115.592840262479
-380.528316990194,104.407395633912
-380.461610299513,294.570736096161
-380.394903608832,219.80295518447
-380.328196918151,88.2378067128101
-380.26149022747,78.8014296221962
-380.194783536788,86.4886866832437
-380.128076846107,230.394673523798
-380.061370155426,155.250075293306
-379.994663464745,71.4811590357967
-379.927956774064,66.4535087440367
-379.861250083383,24.3534694058773
-379.794543392702,175.771226583496
-379.727836702021,33.5160136322478
-379.66113001134,223.137185855807
-379.594423320659,165.211924555578
-379.527716629978,81.531958258452
-379.461009939297,155.288388185711
-379.394303248616,123.07331968213
-379.327596557934,128.78235538218
-379.260889867253,65.4366497186394
-379.194183176572,121.687984225362
-379.127476485891,85.091816105796
-379.06076979521,58.5897834645001
-378.994063104529,84.859066741008
-378.927356413848,190.768018888991
-378.860649723167,82.9438938827851
-378.793943032486,157.282841748851
-378.727236341805,68.5550288440356
-378.660529651124,64.4865551511691
-378.593822960443,238.744010010182
-378.527116269762,45.1118293184127
-378.460409579081,82.0854928173666
-378.393702888399,214.716372464921
-378.326996197718,134.733550265154
-378.260289507037,323.981918166868
-378.193582816356,175.723944238886
-378.126876125675,194.828135592628
-378.060169434994,23.9500806616566
-377.993462744313,112.216691512993
-377.926756053632,149.862340381313
-377.860049362951,67.5881528817853
-377.79334267227,144.258530845487
-377.726635981589,201.438444502538
-377.659929290908,124.313682634108
-377.593222600227,122.697455179878
-377.526515909545,147.505622920409
-377.459809218864,22.0670265452681
-377.393102528183,85.1844863248533
-377.326395837502,56.4457930798061
-377.259689146821,153.667190979585
-377.19298245614,15.8814568911177
-377.126275765459,183.581386302631
-377.059569074778,16.0395977808441
-376.992862384097,108.651298840493
-376.926155693416,114.308557987146
-376.859449002735,141.72979080779
-376.792742312054,207.846004767088
-376.726035621373,171.447189380963
-376.659328930691,68.080375184134
-376.59262224001,53.3193976966888
-376.525915549329,197.367833903915
-376.459208858648,139.518557254031
-376.392502167967,84.600041450827
-376.325795477286,83.3984228514586
-376.259088786605,32.8782782835038
-376.192382095924,318.883190034638
-376.125675405243,79.4415692594032
-376.058968714562,323.940683878482
-375.992262023881,21.7523326367795
-375.9255553332,115.994236823384
-375.858848642519,102.894640055273
-375.792141951837,152.770630180492
-375.725435261156,145.885812473304
-375.658728570475,124.499562956374
-375.592021879794,168.075386048575
-375.525315189113,308.291638032638
-375.458608498432,120.556729100597
-375.391901807751,296.90411438583
-375.32519511707,159.319987766595
-375.258488426389,253.922253955652
-375.191781735708,403.526224546667
-375.125075045027,78.0441815448924
-375.058368354346,248.652798976179
-374.991661663665,306.942797622254
-374.924954972984,264.297390939634
-374.858248282302,289.99748494466
-374.791541591621,240.602195200039
-374.72483490094,259.983254894824
-374.658128210259,99.5710860991686
-374.591421519578,105.994124700896
-374.524714828897,75.6510273143831
-374.458008138216,192.774685275098
-374.391301447535,158.561929635002
-374.324594756854,86.158628616519
-374.257888066173,82.6964830417053
-374.191181375492,66.7179955910533
-374.124474684811,201.479673017202
-374.05776799413,223.992470108859
-373.991061303448,153.043030243647
-373.924354612767,117.135417304343
-373.857647922086,76.1228647883546
-373.790941231405,182.922878381707
-373.724234540724,201.075641363131
-373.657527850043,193.28371051478
-373.590821159362,113.789884313894
-373.524114468681,160.000960159181
-373.457407778,6.06081872829425
-373.390701087319,278.675654750572
-373.323994396638,94.0558061889839
-373.257287705957,192.194320940457
-373.190581015276,200.847553650748
-373.123874324595,114.257568584146
-373.057167633913,120.039122155504
-372.990460943232,161.774128412622
-372.923754252551,215.312576905116
-372.85704756187,345.336549948881
-372.790340871189,63.2479051131721
-372.723634180508,290.998263393186
-372.656927489827,165.309645598078
-372.590220799146,104.049830329446
-372.523514108465,285.625000020775
-372.456807417784,79.7381804329508
-372.390100727103,265.394423797428
-372.323394036422,145.456524625033
-372.25668734574,12.2758328532664
-372.189980655059,262.908247408441
-372.123273964378,87.7398997609535
-372.056567273697,36.0738198386865
-371.989860583016,51.9077208955224
-371.923153892335,134.352875378947
-371.856447201654,79.5420296812777
-371.789740510973,117.070136628036
-371.723033820292,90.5527992970523
-371.656327129611,231.332361791819
-371.58962043893,94.958330863368
-371.522913748249,146.569950119561
-371.456207057568,147.573810785755
-371.389500366887,180.088466906051
-371.322793676205,132.304635957959
-371.256086985524,147.967401984054
-371.189380294843,53.8309627865105
-371.122673604162,199.18874921316
-371.055966913481,161.865711890696
-370.9892602228,232.042296607196
-370.922553532119,419.584541604153
-370.855846841438,111.793763657779
-370.789140150757,138.643784202303
-370.722433460076,161.994960344204
-370.655726769395,436.490469336265
-370.589020078714,279.323463888677
-370.522313388033,282.60784585689
-370.455606697351,159.277785412067
-370.38890000667,267.912895514412
-370.322193315989,267.942652996118
-370.255486625308,142.705563084776
-370.188779934627,169.110863188705
-370.122073243946,210.368123973543
-370.055366553265,214.310852976351
-369.988659862584,126.733581003362
-369.921953171903,277.147138694731
-369.855246481222,226.484351599508
-369.788539790541,75.9740085071118
-369.72183309986,291.052812667176
-369.655126409179,86.9778014367027
-369.588419718498,225.763427600995
-369.521713027816,153.762608577882
-369.455006337135,167.219558566663
-369.388299646454,93.079726822271
-369.321592955773,59.3272301699399
-369.254886265092,199.507808120174
-369.188179574411,165.78930488245
-369.12147288373,156.876390458648
-369.054766193049,93.5708521521291
-368.988059502368,59.5811715939815
-368.921352811687,331.077471170778
-368.854646121006,79.2938102163678
-368.787939430325,189.941887258712
-368.721232739644,81.7767657268305
-368.654526048962,214.248490258686
-368.587819358281,232.038786091194
-368.5211126676,236.355956373358
-368.454405976919,246.045133735248
-368.387699286238,231.539070511321
-368.320992595557,215.584250294966
-368.254285904876,144.720253866413
-368.187579214195,330.433100429894
-368.120872523514,105.568154051569
-368.054165832833,238.707765921039
-367.987459142152,50.8697799785198
-367.920752451471,273.113218332824
-367.85404576079,181.980734978233
-367.787339070108,274.815021088365
-367.720632379427,247.941037484508
-367.653925688746,129.84693666597
-367.587218998065,200.360689705468
-367.520512307384,154.627862950687
-367.453805616703,200.669844204195
-367.387098926022,277.491465372896
-367.320392235341,213.139623696839
-367.25368554466,262.532145552662
-367.186978853979,146.229792971924
-367.120272163298,38.4062897305069
-367.053565472617,285.740503811444
-366.986858781936,88.8712271177151
-366.920152091254,164.449840175053
-366.853445400573,305.409658282938
-366.786738709892,228.380457527842
-366.720032019211,345.320326928028
-366.65332532853,180.265401704584
-366.586618637849,32.2649333158414
-366.519911947168,289.252035915549
-366.453205256487,323.848229804405
-366.386498565806,191.347590659003
-366.319791875125,63.2319770399926
-366.253085184444,32.8786864244364
-366.186378493763,166.93910998871
-366.119671803082,280.661559216075
-366.0529651124,111.874340708619
-365.986258421719,92.8475771137532
-365.919551731038,274.06356778148
-365.852845040357,161.681187774806
-365.786138349676,184.432310434309
-365.719431658995,231.423538280542
-365.652724968314,50.4997347539201
-365.586018277633,262.133844416556
-365.519311586952,135.325053393941
-365.452604896271,181.852124201814
-365.38589820559,77.8392368783888
-365.319191514909,149.211587383313
-365.252484824228,101.000890857549
-365.185778133547,134.353982713341
-365.119071442865,257.813708987789
-365.052364752184,259.234330536673
-364.985658061503,197.895640203031
-364.918951370822,115.095587461644
-364.852244680141,87.2192246294574
-364.78553798946,214.952702407726
-364.718831298779,80.2597559080785
-364.652124608098,151.771994392395
-364.585417917417,176.384462012799
-364.518711226736,28.4831833862003
-364.452004536055,112.502295788835
-364.385297845374,197.078647414463
-364.318591154693,250.945739770071
-364.251884464011,107.188011765527
-364.18517777333,102.139363517577
-364.118471082649,322.978692337066
-364.051764391968,229.246862130816
-363.985057701287,52.4056900525971
-363.918351010606,56.3919821694486
-363.851644319925,98.7537816411713
-363.784937629244,161.602541292958
-363.718230938563,197.542941345809
-363.651524247882,145.198608997473
-363.584817557201,179.977151345739
-363.51811086652,115.89066697786
-363.451404175839,239.989747166832
-363.384697485158,89.8814638980565
-363.317990794476,67.6272530697304
-363.251284103795,94.4698385193481
-363.184577413114,164.901312598536
-363.117870722433,215.04930904673
-363.051164031752,99.8693984192333
-362.984457341071,180.910750623748
-362.91775065039,226.612242871611
-362.851043959709,207.10776555531
-362.784337269028,50.1830507079059
-362.717630578347,19.4506396173668
-362.650923887666,23.8901098748863
-362.584217196985,58.8319983466518
-362.517510506304,193.214533305432
-362.450803815622,90.0798870318486
-362.384097124941,179.506224336019
-362.31739043426,130.06148761607
-362.250683743579,145.148611255072
-362.183977052898,40.7437582459229
-362.117270362217,118.097980382278
-362.050563671536,170.283517394001
-361.983856980855,196.586039906647
-361.917150290174,82.0211990679834
-361.850443599493,278.220403573164
-361.783736908812,184.695730756933
-361.717030218131,105.885583939971
-361.65032352745,152.268731881992
-361.583616836768,133.235401041504
-361.516910146087,103.293228478586
-361.450203455406,218.17609240922
-361.383496764725,144.503645938665
-361.316790074044,40.4381317186035
-361.250083383363,85.5025277705969
-361.183376692682,63.7034456961826
-361.116670002001,49.495994837696
-361.04996331132,145.229673472483
-360.983256620639,162.3325954557
-360.916549929958,120.421160932122
-360.849843239277,111.393985317208
-360.783136548596,156.59141656779
-360.716429857914,235.198560227716
-360.649723167233,146.940440880358
-360.583016476552,81.0591741369444
-360.516309785871,176.559278184347
-360.44960309519,178.212625242482
-360.382896404509,227.269739685432
-360.316189713828,92.1877694646857
-360.249483023147,95.4871168214383
-360.182776332466,98.5922825704022
-360.116069641785,57.3025190765065
-360.049362951104,217.628102567336
-359.982656260423,190.488505575679
-359.915949569742,53.8798863841134
-359.849242879061,51.1761388512671
-359.782536188379,134.291076293659
-359.715829497698,318.317377740675
-359.649122807017,380.497014816688
-359.582416116336,74.9367536091283
-359.515709425655,275.435309815646
-359.449002734974,208.063821616688
-359.382296044293,353.129777847963
-359.315589353612,340.361788766349
-359.248882662931,123.491113307483
-359.18217597225,246.33376393144
-359.115469281569,264.790860885179
-359.048762590888,210.534395076269
-358.982055900207,267.673175805891
-358.915349209525,79.2212131102965
-358.848642518844,262.374339101005
-358.781935828163,207.914324628935
-358.715229137482,53.1811336187334
-358.648522446801,339.123937837003
-358.58181575612,45.9923109777151
-358.515109065439,74.4619733904226
-358.448402374758,97.3569161139686
-358.381695684077,264.125350058105
-358.314988993396,105.013711306782
-358.248282302715,257.011840197152
-358.181575612034,166.418918578286
-358.114868921353,166.546676408997
-358.048162230671,183.860057291743
-357.98145553999,31.6190051277469
-357.914748849309,262.357288945112
-357.848042158628,103.513452560578
-357.781335467947,238.933732161339
-357.714628777266,193.008398603527
-357.647922086585,342.932592560179
-357.581215395904,260.33559509098
-357.514508705223,240.308977792199
-357.447802014542,317.597943744929
-357.381095323861,362.194640155662
-357.31438863318,339.660671833522
-357.247681942499,393.441384595901
-357.180975251818,403.193305796651
-357.114268561136,373.65938204744
-357.047561870455,333.190384815932
-356.980855179774,284.603498188725
-356.914148489093,442.853112269288
-356.847441798412,284.803371308074
-356.780735107731,90.3513195879447
-356.71402841705,180.81555493693
-356.647321726369,79.5931960136176
-356.580615035688,101.426006681784
-356.513908345007,81.6664217388315
-356.447201654326,179.882588677495
-356.380494963645,92.9187810075334
-356.313788272964,107.626658564825
-356.247081582282,187.519710531106
-356.180374891601,135.811195947584
-356.11366820092,53.8204201960646
-356.046961510239,94.4118277680114
-355.980254819558,145.216833223271
-355.913548128877,155.18294960888
-355.846841438196,172.334105184095
-355.780134747515,140.512964530136
-355.713428056834,99.7396906746216
-355.646721366153,144.302074105355
-355.580014675472,168.851290560246
-355.513307984791,279.314762444677
-355.44660129411,105.627233211676
-355.379894603428,240.649266453762
-355.313187912747,241.497870932308
-355.246481222066,207.594321815935
-355.179774531385,360.442754314475
-355.113067840704,33.1253101482165
-355.046361150023,206.595236215084
-354.979654459342,172.454117966325
-354.912947768661,176.204147440862
-354.84624107798,305.039511550563
-354.779534387299,158.649814338259
-354.712827696618,99.5722737612718
-354.646121005937,184.884486707264
-354.579414315256,295.201188992587
-354.512707624574,63.6398377977968
-354.446000933893,187.651251135152
-354.379294243212,303.182951856897
-354.312587552531,193.621889437413
-354.24588086185,66.3037318588441
-354.179174171169,88.2498622620724
-354.112467480488,192.17153840714
-354.045760789807,54.2115299809442
-353.979054099126,102.798718899637
-353.912347408445,259.127631190157
-353.845640717764,19.9524106360981
-353.778934027083,26.6270873914211
-353.712227336402,253.899099036803
-353.645520645721,157.632899327143
-353.578813955039,449.567561486066
-353.512107264358,83.0933429418423
-353.445400573677,245.318633303459
-353.378693882996,238.634245172065
-353.311987192315,24.1311182832449
-353.245280501634,245.751470889437
-353.178573810953,175.253304754564
-353.111867120272,163.126390403903
-353.045160429591,142.412212474853
-352.97845373891,247.675794468948
-352.911747048229,177.963573361241
-352.845040357548,204.842164764971
-352.778333666867,261.555602753284
-352.711626976185,67.6038826511559
-352.644920285504,366.764089072204
-352.578213594823,273.488207238817
-352.511506904142,71.9362314105055
-352.444800213461,300.339596532321
-352.37809352278,133.245741272144
-352.311386832099,263.843057538428
-352.244680141418,386.449755748338
-352.177973450737,145.145104221215
-352.111266760056,233.142620463043
-352.044560069375,83.5255106559412
-351.977853378694,150.985871911781
-351.911146688013,251.201477212163
-351.844439997332,196.932366388994
-351.77773330665,124.422075846679
-351.711026615969,299.455282968658
-351.644319925288,225.861192063672
-351.577613234607,144.14376173961
-351.510906543926,363.991849295686
-351.444199853245,99.7072530836197
-351.377493162564,166.799466559013
-351.310786471883,155.241880032147
-351.244079781202,191.270078658131
-351.177373090521,111.629157400913
-351.11066639984,344.265080708193
-351.043959709159,151.314522245892
-350.977253018477,140.20413366122
-350.910546327796,215.10064255735
-350.843839637115,145.870591057861
-350.777132946434,203.937906614904
-350.710426255753,259.779592611435
-350.643719565072,197.27596682218
-350.577012874391,116.398753446363
-350.51030618371,193.127526237858
-350.443599493029,104.911129734467
-350.376892802348,198.506144818429
-350.310186111667,72.9125257682195
-350.243479420986,121.910451180129
-350.176772730305,110.979203794283
-350.110066039624,91.4300543139904
-350.043359348942,172.412850038099
-349.976652658261,163.829711075766
-349.90994596758,137.765626445952
-349.843239276899,127.657317836602
-349.776532586218,57.6359448123459
-349.709825895537,236.578170567581
-349.643119204856,218.949382383497
-349.576412514175,115.965946659914
-349.509705823494,152.580171601824
-349.442999132813,72.6249516385684
-349.376292442132,127.41395359279
-349.309585751451,60.7665224226428
-349.24287906077,71.3266005823008
-349.176172370088,157.533010197302
-349.109465679407,206.006048427321
-349.042758988726,235.372486552773
-348.976052298045,48.1013918365253
-348.909345607364,53.6887550977661
-348.842638916683,196.514946145229
-348.775932226002,239.232505521433
-348.709225535321,368.886127375311
-348.64251884464,32.4132858501564
-348.575812153959,203.56811466505
-348.509105463278,185.716048932442
-348.442398772597,112.071573295087
-348.375692081916,339.893318231478
-348.308985391235,21.6168607968202
-348.242278700553,144.252863566818
-348.175572009872,125.835552331109
-348.108865319191,104.109982967353
-348.04215862851,229.659345831916
-347.975451937829,204.704968381821
-347.908745247148,176.766825703766
-347.842038556467,107.74648423586
-347.775331865786,178.423269954299
-347.708625175105,121.405777800224
-347.641918484424,50.0784067327472
-347.575211793743,168.97857379721
-347.508505103062,91.9000640348003
-347.441798412381,80.4738374844451
-347.375091721699,241.349043430801
-347.308385031018,274.771160494897
-347.241678340337,411.508885546769
-347.174971649656,186.175999139125
-347.108264958975,209.059282390941
-347.041558268294,181.170327421034
-346.974851577613,347.959112565902
-346.908144886932,373.427118005208
-346.841438196251,132.835274245841
-346.77473150557,278.400581180893
-346.708024814889,250.524876303643
-346.641318124208,187.903084175376
-346.574611433527,335.812904908681
-346.507904742845,122.038635462106
-346.441198052164,537.561640983011
-346.374491361483,288.371529512089
-346.307784670802,296.952930337725
-346.241077980121,197.169096137504
-346.17437128944,233.90561868935
-346.107664598759,520.187116534353
-346.040957908078,168.686923823957
-345.974251217397,205.925686178693
-345.907544526716,239.071704037454
-345.840837836035,268.964728651183
-345.774131145354,302.758123804237
-345.707424454673,147.149643209352
-345.640717763991,241.618744409916
-345.57401107331,268.47788820763
-345.507304382629,245.925438062933
-345.440597691948,136.290796084115
-345.373891001267,182.462854889032
-345.307184310586,173.885549805342
-345.240477619905,227.246465730809
-345.173770929224,214.28151866908
-345.107064238543,127.017075113454
-345.040357547862,136.486453990091
-344.973650857181,232.278184397403
-344.9069441665,72.0171908994532
-344.840237475819,161.746269793766
-344.773530785137,230.673344954466
-344.706824094456,288.184539744875
-344.640117403775,221.53479485677
-344.573410713094,15.1048782644718
-344.506704022413,40.8088169504654
-344.439997331732,150.016693765013
-344.373290641051,246.326202109736
-344.30658395037,67.7839365394981
-344.239877259689,101.932490785714
-344.173170569008,243.79226772786
-344.106463878327,309.247121277191
-344.039757187646,370.451004351143
-343.973050496965,80.046679918591
-343.906343806284,43.2803063477231
-343.839637115602,146.900876549915
-343.772930424921,139.662359297857
-343.70622373424,82.1672156882479
-343.639517043559,134.110136007162
-343.572810352878,188.334502985975
-343.506103662197,144.271640405879
-343.439396971516,112.955808730464
-343.372690280835,139.171693421439
-343.305983590154,177.454664462409
-343.239276899473,204.882162778895
-343.172570208792,46.9394234547324
-343.105863518111,230.698399980693
-343.03915682743,402.106484053477
-342.972450136748,163.22070866509
-342.905743446067,245.142693500287
-342.839036755386,184.912801451336
-342.772330064705,236.954918708133
-342.705623374024,248.60771012373
-342.638916683343,60.048795119208
-342.572209992662,96.2604850303685
-342.505503301981,201.141778849575
-342.4387966113,539.628128064719
-342.372089920619,276.615828013065
-342.305383229938,151.451684749068
-342.238676539257,211.483179864962
-342.171969848576,271.284277198531
-342.105263157895,223.547950258733
-342.038556467213,246.160290112088
-341.971849776532,157.144855788693
-341.905143085851,391.56309787022
-341.83843639517,271.478822318778
-341.771729704489,354.514770226206
-341.705023013808,183.640516745421
-341.638316323127,108.975207559
-341.571609632446,186.040063420305
-341.504902941765,215.423662655946
-341.438196251084,73.7009492367324
-341.371489560403,288.12970223813
-341.304782869722,114.958181270067
-341.23807617904,131.316660081054
-341.171369488359,123.826688164539
-341.104662797678,12.1823649800437
-341.037956106997,138.15046793695
-340.971249416316,64.1999094018017
-340.904542725635,80.4930080919373
-340.837836034954,138.636524474046
-340.771129344273,167.508685015763
-340.704422653592,178.080729434716
-340.637715962911,203.541605605068
-340.57100927223,109.988627499546
-340.504302581549,73.0798230500923
-340.437595890868,83.5343279977399
-340.370889200187,136.258646167399
-340.304182509505,241.9453450141
-340.237475818824,456.41006995738
-340.170769128143,127.280892181249
-340.104062437462,20.8531247481119
-340.037355746781,68.5394191359114
-339.9706490561,181.280817683932
-339.903942365419,235.870837501851
-339.837235674738,116.046127854319
-339.770528984057,109.069921066637
-339.703822293376,111.449579278443
-339.637115602695,171.636655656105
-339.570408912014,310.584999188505
-339.503702221333,174.337224064293
-339.436995530651,126.206210102557
-339.37028883997,63.8580332295623
-339.303582149289,129.525355856095
-339.236875458608,369.716322741917
-339.170168767927,111.266951720473
-339.103462077246,96.6460611268568
-339.036755386565,141.760737193943
-338.970048695884,95.8827456655324
-338.903342005203,108.985694200335
-338.836635314522,299.598104867257
-338.769928623841,65.4461146228877
-338.70322193316,79.3232182944349
-338.636515242479,76.4349017289731
-338.569808551798,95.6555380454822
-338.503101861116,173.839571766563
-338.436395170435,155.144639806158
-338.369688479754,82.2330215085427
-338.302981789073,160.636996105485
-338.236275098392,143.847273667268
-338.169568407711,73.2185898560116
-338.10286171703,191.523482821386
-338.036155026349,149.580906081491
-337.969448335668,53.4559108882731
-337.902741644987,55.8180795835992
-337.836034954306,143.085722749225
-337.769328263625,233.76838058293
-337.702621572944,56.3936498298064
-337.635914882262,157.211570564469
-337.569208191581,73.2110750754314
-337.5025015009,348.116570141805
-337.435794810219,357.061323318994
-337.369088119538,131.581651600167
-337.302381428857,196.929125214397
-337.235674738176,154.024216580509
-337.168968047495,340.297296305807
-337.102261356814,140.430722894565
-337.035554666133,287.465969869645
-336.968847975452,198.668830582668
-336.902141284771,243.724361830874
-336.83543459409,398.933337015756
-336.768727903408,130.365741963031
-336.702021212727,86.9161512961884
-336.635314522046,266.596341873816
-336.568607831365,34.5897911408114
-336.501901140684,301.45165377745
-336.435194450003,148.184092512919
-336.368487759322,248.802509222105
-336.301781068641,231.639818229254
-336.23507437796,87.7153467800403
-336.168367687279,71.7824090349646
-336.101660996598,186.924932602412
-336.034954305917,296.189602803646
-335.968247615236,188.477635857805
-335.901540924554,153.315524741939
-335.834834233873,103.727683367318
-335.768127543192,245.375908299837
-335.701420852511,315.763577773173
-335.63471416183,388.150692696318
-335.568007471149,170.116982032166
-335.501300780468,164.935975012155
-335.434594089787,176.832163051765
-335.367887399106,262.930629462191
-335.301180708425,350.40207005425
-335.234474017744,184.810033899846
-335.167767327063,169.632164434147
-335.101060636382,32.4466259810746
-335.034353945701,126.70265300341
-334.967647255019,285.328121410723
-334.900940564338,259.394491659815
-334.834233873657,162.150852420491
-334.767527182976,141.462089580227
-334.700820492295,91.237294449135
-334.634113801614,149.001189408187
-334.567407110933,198.03489565554
-334.500700420252,172.463329419691
-334.433993729571,141.340639625717
-334.36728703889,291.579809273091
-334.300580348209,278.04916752872
-334.233873657528,112.314405192446
-334.167166966847,230.040588498415
-334.100460276165,319.223712164968
-334.033753585484,119.807369437545
-333.967046894803,220.784181591731
-333.900340204122,98.5127059180604
-333.833633513441,196.084243551544
-333.76692682276,212.190404970116
-333.700220132079,171.416761297257
-333.633513441398,280.73469007333
-333.566806750717,133.24660525678
-333.500100060036,424.493276611974
-333.433393369355,79.4394596081833
-333.366686678674,110.489818535465
-333.299979987993,107.341679684196
-333.233273297311,183.281110379506
-333.16656660663,378.036207345897
-333.099859915949,325.070750075403
-333.033153225268,185.459807700212
-332.966446534587,212.425195420708
-332.899739843906,307.529756775152
-332.833033153225,126.978702525101
-332.766326462544,193.592700975505
-332.699619771863,179.680209309452
-332.632913081182,103.554278439423
-332.566206390501,127.96470363162
-332.49949969982,210.741957483792
-332.432793009139,189.131465025313
-332.366086318458,274.684713893955
-332.299379627776,205.02068144798
-332.232672937095,218.375174671744
-332.165966246414,362.552255940378
-332.099259555733,175.246853461385
-332.032552865052,209.989765031157
-331.965846174371,88.0187253631376
-331.89913948369,182.760235591062
-331.832432793009,240.766220115218
-331.765726102328,100.919957011609
-331.699019411647,182.539845644834
-331.632312720966,133.724875054867
-331.565606030285,238.626954136683
-331.498899339604,227.26638135499
-331.432192648922,335.089937043408
-331.365485958241,94.6028244126968
-331.29877926756,143.677075155476
-331.232072576879,181.920396780848
-331.165365886198,51.6990422887805
-331.098659195517,362.707620348583
-331.031952504836,167.454828613975
-330.965245814155,89.8513837397171
-330.898539123474,30.9795815022779
-330.831832432793,192.955306831431
-330.765125742112,156.163263908083
-330.698419051431,120.961733930087
-330.63171236075,195.037475512597
-330.565005670069,278.376832422129
-330.498298979387,135.630470543438
-330.431592288706,116.317550672929
-330.364885598025,183.528853480177
-330.298178907344,370.05590032846
-330.231472216663,136.650896323226
-330.164765525982,92.4217166211214
-330.098058835301,361.810427156755
-330.03135214462,97.5497936848583
-329.964645453939,243.677040205694
-329.897938763258,207.660984677992
-329.831232072577,324.589527516608
-329.764525381896,382.292146243702
-329.697818691214,231.946691955238
-329.631112000533,322.965110234231
-329.564405309852,100.489620974145
-329.497698619171,145.392984609581
-329.43099192849,407.977179777525
-329.364285237809,192.229427184395
-329.297578547128,127.956533440066
-329.230871856447,271.468538332084
-329.164165165766,139.223704136399
-329.097458475085,184.756633590431
-329.030751784404,133.557284284725
-328.964045093723,87.5631562882842
-328.897338403042,255.388969646701
-328.830631712361,237.022072032289
-328.763925021679,251.999716721313
-328.697218330998,165.068888390681
-328.630511640317,162.270687142573
-328.563804949636,320.389742568288
-328.497098258955,255.963799594483
-328.430391568274,94.0578953692312
-328.363684877593,184.371929982858
-328.296978186912,134.701219701833
-328.230271496231,253.181654653822
-328.16356480555,172.118091845546
-328.096858114869,125.753407527363
-328.030151424188,246.23463916984
-327.963444733507,65.624755032597
-327.896738042825,291.292375216829
-327.830031352144,138.657097860538
-327.763324661463,46.0485625795851
-327.696617970782,85.7919897752326
-327.629911280101,118.814460110484
-327.56320458942,132.694878825019
-327.496497898739,123.953909176292
-327.429791208058,136.503076268753
-327.363084517377,102.565874718757
-327.296377826696,187.719044622436
-327.229671136015,174.445183398224
-327.162964445334,120.397319647035
-327.096257754653,159.297736869057
-327.029551063971,181.752907032435
-326.96284437329,260.649384593388
-326.896137682609,335.568253251828
-326.829430991928,261.122271890364
-326.762724301247,247.847311864771
-326.696017610566,125.386882527744
-326.629310919885,152.864859394618
-326.562604229204,125.632566881182
-326.495897538523,208.114923264376
-326.429190847842,75.0482098634187
-326.362484157161,179.615649074323
-326.29577746648,209.48087313515
-326.229070775799,164.994528695232
-326.162364085118,128.60007193503
-326.095657394436,220.699009803699
-326.028950703755,35.630812241382
-325.962244013074,350.387999121379
-325.895537322393,307.223708213394
-325.828830631712,284.331166625134
-325.762123941031,298.437742983096
-325.69541725035,153.223681944044
-325.628710559669,222.944909771035
-325.562003868988,348.003363376739
-325.495297178307,311.799734265387
-325.428590487626,222.593598370801
-325.361883796945,161.946699352786
-325.295177106264,84.8825970520217
-325.228470415582,499.990115740801
-325.161763724901,282.709360318723
-325.09505703422,179.772870759238
-325.028350343539,156.131838435212
-324.961643652858,353.454437470368
-324.894936962177,362.235440413076
-324.828230271496,217.265244577576
-324.761523580815,129.900086547123
-324.694816890134,87.2234704509912
-324.628110199453,271.65094850808
-324.561403508772,113.670185852773
-324.494696818091,250.946190747065
-324.42799012741,70.8103261239396
-324.361283436728,404.499243678988
-324.294576746047,532.162405300185
-324.227870055366,184.193990681482
-324.161163364685,168.105792501606
-324.094456674004,138.773365467364
-324.027749983323,264.821289168935
-323.961043292642,247.515422596981
-323.894336601961,173.729964743974
-323.82762991128,116.281302487927
-323.760923220599,205.940161569532
-323.694216529918,130.885307942645
-323.627509839237,222.644022780416
-323.560803148556,147.204539234155
-323.494096457874,203.362795706191
-323.427389767193,118.537757615287
-323.360683076512,385.114518999564
-323.293976385831,336.251188185673
-323.22726969515,133.358897691353
-323.160563004469,304.293895431191
-323.093856313788,209.97770732049
-323.027149623107,293.419867608578
-322.960442932426,90.9553328945327
-322.893736241745,271.787549517016
-322.827029551064,261.192305743169
-322.760322860383,253.610945660142
-322.693616169702,217.662939097383
-322.626909479021,112.601584126621
-322.560202788339,119.170915520436
-322.493496097658,78.0563217087936
-322.426789406977,78.7401633754555
-322.360082716296,115.017105877871
-322.293376025615,126.91268479488
-322.226669334934,47.0931027327308
-322.159962644253,177.820148637117
-322.093255953572,89.5051139079485
-322.026549262891,240.62491504714
-321.95984257221,380.039395747092
-321.893135881529,279.147437469737
-321.826429190848,39.150772176768
-321.759722500167,220.62249631779
-321.693015809485,370.532722890318
-321.626309118804,379.588724095297
-321.559602428123,165.482910028182
-321.492895737442,165.197537791559
-321.426189046761,179.977772295765
-321.35948235608,233.419016457193
-321.292775665399,45.9946541277106
-321.226068974718,106.415130802581
-321.159362284037,111.888453672978
-321.092655593356,267.896429167472
-321.025948902675,184.081016155633
-320.959242211994,80.143033614553
-320.892535521313,275.170949905174
-320.825828830632,321.575832767451
-320.75912213995,36.1284841976574
-320.692415449269,163.779968288901
-320.625708758588,205.701238243336
-320.559002067907,262.372325598259
-320.492295377226,285.804128454503
-320.425588686545,150.152735123106
-320.358881995864,174.077060345334
-320.292175305183,349.440715365707
-320.225468614502,382.9030057866
-320.158761923821,282.425318706147
-320.09205523314,256.320751713965
-320.025348542459,97.9371420223628
-319.958641851777,198.087990210058
-319.891935161096,167.859505511169
-319.825228470415,214.173429356185
-319.758521779734,408.561451291938
-319.691815089053,254.622482064718
-319.625108398372,39.3528245305472
-319.558401707691,192.63306638608
-319.49169501701,286.257234348305
-319.424988326329,179.354360528265
-319.358281635648,46.7533329123673
-319.291574944967,165.137374277381
-319.224868254286,126.314714693651
-319.158161563605,433.65382538253
-319.091454872924,202.890499861634
-319.024748182242,265.155152547443
-318.958041491561,176.185962172225
-318.89133480088,290.053042999828
-318.824628110199,234.841528637575
-318.757921419518,457.096243642815
-318.691214728837,58.5311000574306
-318.624508038156,114.844977921368
-318.557801347475,164.601963877256
-318.491094656794,103.416446024381
-318.424387966113,397.86115677241
-318.357681275432,116.161937948575
-318.290974584751,187.881762776551
-318.22426789407,68.5371962316868
-318.157561203388,181.60559713411
-318.090854512707,308.778719956528
-318.024147822026,122.911163796503
-317.957441131345,46.2520103410622
-317.890734440664,90.6512776566105
-317.824027749983,122.613535177018
-317.757321059302,347.901546874682
-317.690614368621,166.290271818684
-317.62390767794,245.895629215782
-317.557200987259,125.900653905164
-317.490494296578,187.709433272949
-317.423787605897,128.671186530678
-317.357080915216,52.2876238613247
-317.290374224535,228.876208879829
-317.223667533853,68.3694574904192
-317.156960843172,238.230004498388
-317.090254152491,79.1778201587223
-317.02354746181,179.17432981048
-316.956840771129,289.687525287525
-316.890134080448,409.732082501863
-316.823427389767,35.6776941912756
-316.756720699086,131.502828106136
-316.690014008405,130.014634908522
-316.623307317724,301.090434061154
-316.556600627043,375.842387709427
-316.489893936362,128.15253299131
-316.423187245681,195.518459987483
-316.356480554999,97.7074333180454
-316.289773864318,116.367047052115
-316.223067173637,245.942383460147
-316.156360482956,65.5528954410508
-316.089653792275,210.221895972806
-316.022947101594,292.601299250318
-315.956240410913,146.562763100457
-315.889533720232,139.981744242907
-315.822827029551,125.082444542767
-315.75612033887,314.325642441461
-315.689413648189,121.268372604067
-315.622706957508,178.799396798443
-315.556000266827,135.062220758198
-315.489293576145,194.793222838604
-315.422586885464,264.846479704638
-315.355880194783,102.537967032243
-315.289173504102,48.0378187199197
-315.222466813421,193.973637935872
-315.15576012274,282.001752368716
-315.089053432059,99.0970795953361
-315.022346741378,37.8263141770293
-314.955640050697,196.657600290206
-314.888933360016,236.129407192105
-314.822226669335,382.50284591404
-314.755519978654,78.1085031692011
-314.688813287973,95.3542192277566
-314.622106597291,161.88221338176
-314.55539990661,204.936439274681
-314.488693215929,271.575867850695
-314.421986525248,277.343154228151
-314.355279834567,222.044058361134
-314.288573143886,224.676949917406
-314.221866453205,506.872862811846
-314.155159762524,141.095605586447
-314.088453071843,178.861739706025
-314.021746381162,51.8028379922368
-313.955039690481,238.467058255069
-313.8883329998,213.042664005225
-313.821626309119,29.9747637536131
-313.754919618437,99.2911135445177
-313.688212927756,164.289240689285
-313.621506237075,119.826336436658
-313.554799546394,120.915425229425
-313.488092855713,278.701705356273
-313.421386165032,255.853359962427
-313.354679474351,78.8679224293483
-313.28797278367,21.5891227587588
-313.221266092989,334.029967126042
-313.154559402308,247.204283257835
-313.087852711627,139.015881547772
-313.021146020946,244.073196581305
-312.954439330265,213.637628576266
-312.887732639584,432.766312342519
-312.821025948902,385.464966311859
-312.754319258221,238.083429218727
-312.68761256754,162.139874965824
-312.620905876859,94.8860368963784
-312.554199186178,485.269017560448
-312.487492495497,247.774004966571
-312.420785804816,79.4917497937554
-312.354079114135,189.222542382157
-312.287372423454,125.761040589313
-312.220665732773,457.513461530271
-312.153959042092,173.019787200665
-312.087252351411,198.061478491404
-312.02054566073,424.466050756446
-311.953838970048,173.310144802078
-311.887132279367,37.5634639816606
-311.820425588686,128.264193852955
-311.753718898005,171.578395017971
-311.687012207324,129.54836854551
-311.620305516643,104.727852234479
-311.553598825962,116.474592735765
-311.486892135281,48.4802012878846
-311.4201854446,185.934043495395
-311.353478753919,88.3927689246032
-311.286772063238,217.519484133014
-311.220065372557,108.768358382793
-311.153358681876,145.783277239304
-311.086651991195,83.9746283663574
-311.019945300513,43.8378393386095
-310.953238609832,352.880123107216
-310.886531919151,236.86434589196
-310.81982522847,150.117944802246
-310.753118537789,261.682515434843
-310.686411847108,291.948135597738
-310.619705156427,340.63176422501
-310.552998465746,152.716776257078
-310.486291775065,296.15411385194
-310.419585084384,53.4665457042896
-310.352878393703,307.31484921319
-310.286171703022,132.089673933994
-310.21946501234,191.356898989804
-310.152758321659,68.5595436595286
-310.086051630978,118.783143649448
-310.019344940297,202.667072900732
-309.952638249616,264.007623526449
-309.885931558935,136.751672078844
-309.819224868254,224.268285280934
-309.752518177573,127.927577139093
-309.685811486892,23.7696641769646
-309.619104796211,227.208145084252
-309.55239810553,163.915982264357
-309.485691414849,219.580218258467
-309.418984724168,58.8499771229475
-309.352278033487,231.980512410441
-309.285571342805,319.015820580377
-309.218864652124,199.413136930202
-309.152157961443,338.889312280684
-309.085451270762,158.383511989625
-309.018744580081,401.167976577253
-308.9520378894,276.228785872755
-308.885331198719,118.153165369358
-308.818624508038,326.577837092379
-308.751917817357,176.51844248373
-308.685211126676,230.674950082361
-308.618504435995,150.704164047307
-308.551797745314,159.763577651971
-308.485091054633,86.2320164226341
-308.418384363951,276.06907211425
-308.35167767327,20.4316267190971
-308.284970982589,198.695060616509
-308.218264291908,345.071812580865
-308.151557601227,90.0439130868072
-308.084850910546,325.631245989369
-308.018144219865,178.367627945882
-307.951437529184,254.825350302099
-307.884730838503,312.679597245101
-307.818024147822,279.916962251107
-307.751317457141,296.875459194496
-307.68461076646,193.074757580136
-307.617904075779,152.008073759756
-307.551197385098,134.515390436806
-307.484490694416,79.7708853170579
-307.417784003735,266.981829335317
-307.351077313054,101.708260853829
-307.284370622373,164.237129406965
-307.217663931692,164.605219237366
-307.150957241011,95.9088701463878
-307.08425055033,65.548317204996
-307.017543859649,185.251171299754
-306.950837168968,267.06976096118
-306.884130478287,182.844579205059
-306.817423787606,64.0178923827125
-306.750717096925,2.37083262305574
-306.684010406244,49.9575224019319
-306.617303715562,221.99633725804
-306.550597024881,113.203631666118
-306.4838903342,150.883289761351
-306.417183643519,241.489925111304
-306.350476952838,86.7340318102293
-306.283770262157,86.3596631941033
-306.217063571476,18.1143720561763
-306.150356880795,57.3946327310732
-306.083650190114,104.420128818946
-306.016943499433,34.1328413693587
-305.950236808752,148.672257580687
-305.883530118071,173.076897219355
-305.81682342739,2.23104242125506
-305.750116736708,103.593855723613
-305.683410046027,140.572915602451
-305.616703355346,248.856575461371
-305.549996664665,284.132304110936
-305.483289973984,26.6708807017881
-305.416583283303,52.9217905380108
-305.349876592622,59.0231019247238
-305.283169901941,271.446422262032
-305.21646321126,347.711118151929
-305.149756520579,257.96592063814
-305.083049829898,53.9300071746522
-305.016343139217,196.828127936403
-304.949636448536,190.494492008815
-304.882929757854,114.364957695258
-304.816223067173,358.774018081769
-304.749516376492,200.172405120159
-304.682809685811,408.333211330386
-304.61610299513,324.070184588147
-304.549396304449,313.982953806425
-304.482689613768,279.887387827826
-304.415982923087,120.941722724215
-304.349276232406,334.233831938163
-304.282569541725,230.588644188287
-304.215862851044,89.1409334551082
-304.149156160363,271.19286952441
-304.082449469682,135.419089890464
-304.015742779001,191.834577685713
-303.949036088319,79.1748974884099
-303.882329397638,125.567767850009
-303.815622706957,97.5837788098455
-303.748916016276,37.3734704390725
-303.682209325595,104.983599296664
-303.615502634914,216.374687881141
-303.548795944233,317.682374142899
-303.482089253552,98.1175656530822
-303.415382562871,91.4847405256045
-303.34867587219,199.109305333627
-303.281969181509,291.742282540331
-303.215262490828,206.511114448592
-303.148555800147,225.317593545781
-303.081849109465,100.661463124131
-303.015142418784,242.559424707954
-302.948435728103,37.1865755444574
-302.881729037422,298.433170736867
-302.815022346741,112.411537162875
-302.74831565606,217.906294482022
-302.681608965379,76.7260513632913
-302.614902274698,149.103151063879
-302.548195584017,201.598412119366
-302.481488893336,74.5443063962313
-302.414782202655,223.430770508661
-302.348075511974,69.7794942813222
-302.281368821293,348.406549153127
-302.214662130611,158.56250479714
-302.14795543993,23.0948831887764
-302.081248749249,158.031083830695
-302.014542058568,107.707430696969
-301.947835367887,260.307204837153
-301.881128677206,30.9154167480395
-301.814421986525,83.934056225632
-301.747715295844,45.5132707737278
-301.681008605163,135.369137912027
-301.614301914482,138.992559744321
-301.547595223801,19.3421550114834
-301.48088853312,280.611230438903
-301.414181842439,229.813815555923
-301.347475151758,199.718008765424
-301.280768461076,50.7071564616264
-301.214061770395,270.024863288643
-301.147355079714,98.6373992318189
-301.080648389033,388.325867235862
-301.013941698352,206.016882890402
-300.947235007671,33.1652767191965
-300.88052831699,180.940933161857
-300.813821626309,102.137262360252
-300.747114935628,270.91141534705
-300.680408244947,53.6492723001392
-300.613701554266,138.559946688034
-300.546994863585,292.753352605631
-300.480288172904,134.691354389356
-300.413581482222,66.6545349417188
-300.346874791541,269.066878252442
-300.28016810086,170.478940859058
-300.213461410179,57.3174729095839
-300.146754719498,138.89489582865
-300.080048028817,279.187946651932
-300.013341338136,166.048600935441
-299.946634647455,125.821064212203
-299.879927956774,314.952259127308
-299.813221266093,177.745597183555
-299.746514575412,162.241532354844
-299.679807884731,266.586384043745
-299.61310119405,132.243699174454
-299.546394503369,206.042651272935
-299.479687812687,215.271359551633
-299.412981122006,295.899772083005
-299.346274431325,122.693215285998
-299.279567740644,6.62259642802737
-299.212861049963,236.743858809464
-299.146154359282,125.140021279819
-299.079447668601,113.474793738185
-299.01274097792,361.942774447666
-298.946034287239,197.07596912132
-298.879327596558,131.697190622392
-298.812620905877,66.201317616354
-298.745914215196,41.5318078590464
-298.679207524514,293.149872287736
-298.612500833833,392.404818280538
-298.545794143152,172.340717832678
-298.479087452471,319.458166750674
-298.41238076179,377.859017103466
-298.345674071109,302.246460113937
-298.278967380428,211.873693190689
-298.212260689747,119.445294653064
-298.145553999066,452.216948652002
-298.078847308385,358.892390659159
-298.012140617704,292.319123532157
-297.945433927023,220.492803390808
-297.878727236342,207.264820572405
-297.812020545661,315.152149359703
-297.745313854979,238.452897436622
-297.678607164298,134.013262679287
-297.611900473617,152.673500078286
-297.545193782936,153.93593361616
-297.478487092255,335.417521294403
-297.411780401574,271.04657693524
-297.345073710893,108.087973528465
-297.278367020212,273.511779512745
-297.211660329531,215.626543870077
-297.14495363885,121.942898467084
-297.078246948169,282.095118549016
-297.011540257488,175.995426916098
-296.944833566807,354.840854023638
-296.878126876125,74.1624843950662
-296.811420185444,55.7585832282192
-296.744713494763,329.013165818802
-296.678006804082,152.932067870393
-296.611300113401,28.5235837978951
-296.54459342272,162.012250280505
-296.477886732039,213.012654672889
-296.411180041358,171.243496406216
-296.344473350677,112.915249796266
-296.277766659996,177.867358528474
-296.211059969315,31.8262835896524
-296.144353278634,32.880642018047
-296.077646587953,270.934796974561
-296.010939897271,61.9598049226468
-295.94423320659,319.548064457425
-295.877526515909,175.521677596361
-295.810819825228,111.420813645051
-295.744113134547,99.3173389905325
-295.677406443866,199.874470639457
-295.610699753185,432.839513671498
-295.543993062504,165.550112922891
-295.477286371823,191.308645614488
-295.410579681142,90.9427174591254
-295.343872990461,123.603317657543
-295.27716629978,370.261391293364
-295.210459609099,105.829297724193
-295.143752918418,228.219926831427
-295.077046227736,151.853276727638
-295.010339537055,83.9584764576917
-294.943632846374,315.782619667219
-294.876926155693,118.917164700144
-294.810219465012,189.339256405364
-294.743512774331,77.3370037361474
-294.67680608365,87.7694376611457
-294.610099392969,226.882697815227
-294.543392702288,287.576921925278
-294.476686011607,201.402992935473
-294.409979320926,142.6282501096
-294.343272630245,100.678647190626
-294.276565939564,290.88803706146
-294.209859248882,116.828462211603
-294.143152558201,50.3139241846241
-294.07644586752,163.624775112841
-294.009739176839,63.6466678268785
-293.943032486158,141.739801552518
-293.876325795477,152.638932753434
-293.809619104796,69.9793586168041
-293.742912414115,231.833039296223
-293.676205723434,219.475346680746
-293.609499032753,127.699564788665
-293.542792342072,64.0064571477781
-293.476085651391,55.8918865308169
-293.40937896071,249.305746070469
-293.342672270028,169.007898771136
-293.275965579347,81.4315825736318
-293.209258888666,274.627146835031
-293.142552197985,202.190244835305
-293.075845507304,211.118277068367
-293.009138816623,212.988643030607
-292.942432125942,224.886614888928
-292.875725435261,198.021592361155
-292.80901874458,145.950230381835
-292.742312053899,52.282641206534
-292.675605363218,127.299723784063
-292.608898672537,133.416628518902
-292.542191981856,353.746269218471
-292.475485291174,230.132610991734
-292.408778600493,219.77845773516
-292.342071909812,155.116884024914
-292.275365219131,197.811858706128
-292.20865852845,20.5118878417281
-292.141951837769,399.261049601324
-292.075245147088,107.368681757736
-292.008538456407,194.654033961922
-291.941831765726,112.736971004533
-291.875125075045,95.8400753287422
-291.808418384364,365.833119399967
-291.741711693683,276.056663050473
-291.675005003002,209.132899820026
-291.608298312321,131.60333175819
-291.541591621639,198.372832999109
-291.474884930958,315.888262824122
-291.408178240277,176.528220641669
-291.341471549596,298.390212587725
-291.274764858915,194.175590623062
-291.208058168234,142.038286872988
-291.141351477553,409.689579696236
-291.074644786872,330.013080671007
-291.007938096191,187.96219975444
-290.94123140551,131.454824971924
-290.874524714829,266.50252440548
-290.807818024148,508.858598589269
-290.741111333467,235.69182861072
-290.674404642785,404.993927973608
-290.607697952104,114.114295674757
-290.540991261423,443.193081539217
-290.474284570742,253.629772706508
-290.407577880061,160.712249266363
-290.34087118938,291.063102622523
-290.274164498699,156.295301363745
-290.207457808018,381.980839996146
-290.140751117337,444.560521836762
-290.074044426656,148.939424532463
-290.007337735975,80.0850832499803
-289.940631045294,154.929454540064
-289.873924354613,234.197559445594
-289.807217663932,331.545307495313
-289.74051097325,156.975639780206
-289.673804282569,182.407877349329
-289.607097591888,109.931503668697
-289.540390901207,395.048305711075
-289.473684210526,230.305044841747
-289.406977519845,62.155326345123
-289.340270829164,164.441531867891
-289.273564138483,83.8056607335173
-289.206857447802,343.585230636322
-289.140150757121,206.059326881008
-289.07344406644,124.464490731254
-289.006737375759,285.466924972356
-288.940030685077,290.348519029391
-288.873323994396,261.720360558738
-288.806617303715,314.5446185729
-288.739910613034,53.6702519994239
-288.673203922353,170.33771066318
-288.606497231672,335.527641145402
-288.539790540991,26.3478225220879
-288.47308385031,189.167733929388
-288.406377159629,64.8768937780142
-288.339670468948,254.937717883525
-288.272963778267,269.393026907044
-288.206257087586,150.101165817538
-288.139550396905,292.704584406318
-288.072843706224,125.081898151877
-288.006137015542,226.656137186388
-287.939430324861,48.5609171119665
-287.87272363418,283.799130456149
-287.806016943499,145.522332545293
-287.739310252818,375.073001880579
-287.672603562137,226.835278116557
-287.605896871456,60.5297807005387
-287.539190180775,69.2962363690693
-287.472483490094,233.115695873341
-287.405776799413,263.219168146297
-287.339070108732,388.280030285038
-287.272363418051,115.105636566262
-287.20565672737,39.4265570883604
-287.138950036688,103.970671430326
-287.072243346007,228.74638724681
-287.005536655326,170.251156818674
-286.938829964645,46.4261297691705
-286.872123273964,155.624177902462
-286.805416583283,262.616698974488
-286.738709892602,294.45226927848
-286.672003201921,188.556935093676
-286.60529651124,99.6810108872719
-286.538589820559,42.0899987146018
-286.471883129878,243.918300883874
-286.405176439197,225.439494090471
-286.338469748516,59.4984719839882
-286.271763057835,169.369194085254
-286.205056367153,86.4955780357055
-286.138349676472,158.782788253847
-286.071642985791,230.967412014808
-286.00493629511,131.065302666822
-285.938229604429,543.88895562905
-285.871522913748,15.7627937955603
-285.804816223067,163.269250466442
-285.738109532386,284.897227663508
-285.671402841705,305.08821274023
-285.604696151024,472.625044878724
-285.537989460343,120.967904419905
-285.471282769662,469.171676423928
-285.404576078981,272.524360946634
-285.337869388299,381.478092601934
-285.271162697618,400.11744267641
-285.204456006937,204.958196554478
-285.137749316256,302.819540394923
-285.071042625575,128.097947184696
-285.004335934894,416.775447656925
-284.937629244213,217.368496445706
-284.870922553532,259.241425233347
-284.804215862851,486.160680609519
-284.73750917217,176.560779798053
-284.670802481489,413.475750790988
-284.604095790808,94.0936067198689
-284.537389100127,246.372077382861
-284.470682409445,385.488495913868
-284.403975718764,290.356147490033
-284.337269028083,469.953563122419
-284.270562337402,45.4689562736424
-284.203855646721,265.076329270327
-284.13714895604,364.77538164115
-284.070442265359,288.777152033191
-284.003735574678,262.669167069388
-283.937028883997,97.6271948773749
-283.870322193316,181.219452810857
-283.803615502635,343.959996452411
-283.736908811954,191.433269130582
-283.670202121273,118.349180521656
-283.603495430591,55.8456371940662
-283.53678873991,431.34475483936
-283.470082049229,241.587220825095
-283.403375358548,387.849187434027
-283.336668667867,179.675800936363
-283.269961977186,352.730538528539
-283.203255286505,260.222517348374
-283.136548595824,319.384440990498
-283.069841905143,423.604507893764
-283.003135214462,288.818460638922
-282.936428523781,155.667476885583
-282.8697218331,148.250742345452
-282.803015142419,393.898335882487
-282.736308451738,335.868846962963
-282.669601761056,129.070591729221
-282.602895070375,61.2362037442598
-282.536188379694,252.330821540911
-282.469481689013,369.466444309508
-282.402774998332,81.0164546101059
-282.336068307651,304.821331865375
-282.26936161697,276.743171237785
-282.202654926289,365.457109270264
-282.135948235608,196.909374393286
-282.069241544927,257.677981007059
-282.002534854246,290.181252603021
-281.935828163565,371.967962430984
-281.869121472884,337.433073722874
-281.802414782202,74.4511566349861
-281.735708091521,381.046225358581
-281.66900140084,518.102308272246
-281.602294710159,533.401595502118
-281.535588019478,258.133665632235
-281.468881328797,238.369010452404
-281.402174638116,326.399279729428
-281.335467947435,282.55611279292
-281.268761256754,323.229229326128
-281.202054566073,241.872456218563
-281.135347875392,258.874026167797
-281.068641184711,256.900705264547
-281.00193449403,264.8478964699
-280.935227803348,170.355024726736
-280.868521112667,231.835132544523
-280.801814421986,139.653836992525
-280.735107731305,24.5777377331053
-280.668401040624,413.008553169782
-280.601694349943,90.0163393682455
-280.534987659262,113.734401086688
-280.468280968581,73.1632053058365
-280.4015742779,119.796913411677
-280.334867587219,292.170363800775
-280.268160896538,200.858778054715
-280.201454205857,89.3059407309668
-280.134747515176,144.577462699565
-280.068040824495,262.986163142707
-280.001334133813,225.879381919777
-279.934627443132,370.079297003371
-279.867920752451,178.973902441608
-279.80121406177,219.074992022159
-279.734507371089,287.523676527846
-279.667800680408,186.873208977738
-279.601093989727,413.931849985083
-279.534387299046,201.08048245276
-279.467680608365,26.0114605096058
-279.400973917684,213.554569837892
-279.334267227003,387.658481809084
-279.267560536322,368.717908768047
-279.20085384564,296.753986442875
-279.134147154959,117.26730096737
-279.067440464278,246.051915937013
-279.000733773597,594.691604078018
-278.934027082916,357.312562208576
-278.867320392235,248.302978968275
-278.800613701554,241.62233267026
-278.733907010873,274.405483270105
-278.667200320192,499.765135428761
-278.600493629511,422.536203283974
-278.53378693883,214.30369389215
-278.467080248149,303.283296065618
-278.400373557468,412.296419237038
-278.333666866787,602.644828687683
-278.266960176105,389.966497392525
-278.200253485424,79.3422852327737
-278.133546794743,257.980503920148
-278.066840104062,481.522103351298
-278.000133413381,402.665876059517
-277.9334267227,130.862952432718
-277.866720032019,173.060645577448
-277.800013341338,361.735568409012
-277.733306650657,457.004724099036
-277.666599959976,237.369257852485
-277.599893269295,139.290909730361
-277.533186578614,138.516453006328
-277.466479887933,247.749103753412
-277.399773197251,458.480129201671
-277.33306650657,139.612376219665
-277.266359815889,131.71906833825
-277.199653125208,383.087376425248
-277.132946434527,380.910993865342
-277.066239743846,492.003898862921
-276.999533053165,20.1282387684261
-276.932826362484,167.837790546576
-276.866119671803,344.97981101814
-276.799412981122,439.404752151547
-276.732706290441,145.479516626029
-276.66599959976,87.1807741452438
-276.599292909079,187.796855134758
-276.532586218398,273.291619539624
-276.465879527716,131.967686826309
-276.399172837035,121.225664094822
-276.332466146354,121.120509860769
-276.265759455673,68.0206782612344
-276.199052764992,217.529029399675
-276.132346074311,117.75576092247
-276.06563938363,286.425753747034
-275.998932692949,105.041858132924
-275.932226002268,271.8643480297
-275.865519311587,174.914200280015
-275.798812620906,37.6078945402744
-275.732105930225,268.203383272594
-275.665399239544,367.141297850358
-275.598692548862,335.919150293548
-275.531985858181,421.451687848195
-275.4652791675,140.651506386986
-275.398572476819,257.061378026962
-275.331865786138,451.305645563457
-275.265159095457,533.128927402588
-275.198452404776,199.700218233014
-275.131745714095,21.3174800691362
-275.065039023414,536.588844151776
-274.998332332733,518.386061004731
-274.931625642052,527.494612535387
-274.864918951371,171.243038000786
-274.79821226069,66.3867842535172
-274.731505570008,428.146661696449
-274.664798879327,191.467738455669
-274.598092188646,503.351612001301
-274.531385497965,169.314289383645
-274.464678807284,174.819947315679
-274.397972116603,207.853460674198
-274.331265425922,469.446932731516
-274.264558735241,486.28593603208
-274.19785204456,145.06766662021
-274.131145353879,225.596164084092
-274.064438663198,370.188157014867
-273.997731972517,295.293575729118
-273.931025281836,301.595080070194
-273.864318591154,233.312696147347
-273.797611900473,132.172698812826
-273.730905209792,351.352119680456
-273.664198519111,196.708123401517
-273.59749182843,296.074873454086
-273.530785137749,413.377363383197
-273.464078447068,321.97736802263
-273.397371756387,305.18542812748
-273.330665065706,459.347230723502
-273.263958375025,282.351896537012
-273.197251684344,383.587627735866
-273.130544993663,230.328733666732
-273.063838302982,141.577193227832
-272.997131612301,445.269184457882
-272.930424921619,285.59967014624
-272.863718230938,179.003651091462
-272.797011540257,363.977226771352
-272.730304849576,417.390504136256
-272.663598158895,195.485229128323
-272.596891468214,301.540616015099
-272.530184777533,174.112960828819
-272.463478086852,485.319321314985
-272.396771396171,392.742996446183
-272.33006470549,95.8668370636631
-272.263358014809,231.767969343654
-272.196651324128,272.135047553534
-272.129944633447,274.293642967329
-272.063237942765,292.024549946038
-271.996531252084,127.682782393176
-271.929824561403,271.939417028838
-271.863117870722,282.521830380791
-271.796411180041,282.011870254737
-271.72970448936,165.434353066397
-271.662997798679,80.1248541922216
-271.596291107998,317.557642821043
-271.529584417317,314.994098616594
-271.462877726636,214.839721697897
-271.396171035955,193.22013587074
-271.329464345274,140.945562134688
-271.262757654593,254.617070012149
-271.196050963911,35.0051049830024
-271.12934427323,109.209985915734
-271.062637582549,407.854855979745
-270.995930891868,289.767998381915
-270.929224201187,293.667519985261
-270.862517510506,282.766553667773
-270.795810819825,113.097535433051
-270.729104129144,108.082237835461
-270.662397438463,197.835426780937
-270.595690747782,75.8531569068094
-270.528984057101,72.3144813046511
-270.46227736642,217.82549094553
-270.395570675739,247.063869788754
-270.328863985058,176.776441180505
-270.262157294376,225.220427679201
-270.195450603695,157.514351069724
-270.128743913014,275.477875440005
-270.062037222333,241.843255869714
-269.995330531652,211.862318070518
-269.928623840971,362.694438624328
-269.86191715029,485.973439989072
-269.795210459609,321.237839575867
-269.728503768928,260.855024103755
-269.661797078247,480.609501801436
-269.595090387566,715.891637909693
-269.528383696885,446.390449849751
-269.461677006204,322.805321861925
-269.394970315522,321.224987727023
-269.328263624841,488.195458488797
-269.26155693416,520.081449740016
-269.194850243479,331.135210925815
-269.128143552798,191.957250480459
-269.061436862117,164.3000284503
-268.994730171436,284.083921613813
-268.928023480755,97.3328128301569
-268.861316790074,159.346554623747
-268.794610099393,188.070526595307
-268.727903408712,187.875499712629
-268.661196718031,174.557595575926
-268.59449002735,165.002947737359
-268.527783336669,105.338632151059
-268.461076645987,298.716669922655
-268.394369955306,230.28819533289
-268.327663264625,277.692052378256
-268.260956573944,375.433177407313
-268.194249883263,89.6028592349855
-268.127543192582,152.16836867545
-268.060836501901,228.278466458121
-267.99412981122,262.727008970554
-267.927423120539,282.139688629394
-267.860716429858,128.80563066931
-267.794009739177,101.898411399754
-267.727303048496,122.130459710727
-267.660596357814,412.369663081841
-267.593889667133,89.494100341902
-267.527182976452,145.276813040728
-267.460476285771,178.025668394235
-267.39376959509,180.792865399983
-267.327062904409,579.148831137326
-267.260356213728,64.9901657200347
-267.193649523047,260.207556392049
-267.126942832366,289.692482952063
-267.060236141685,229.62990789334
-266.993529451004,326.643561527874
-266.926822760323,225.011495712466
-266.860116069642,335.765818108704
-266.793409378961,166.897652637953
-266.726702688279,40.7345872168932
-266.659995997598,143.021041998296
-266.593289306917,290.274721300892
-266.526582616236,353.456488992949
-266.459875925555,204.842980392264
-266.393169234874,149.158445853362
-266.326462544193,159.150388897137
-266.259755853512,271.955822073153
-266.193049162831,79.8491846078266
-266.12634247215,209.048251709397
-266.059635781469,195.77060769074
-265.992929090788,64.3364860396477
-265.926222400107,330.636989072428
-265.859515709425,208.976916448343
-265.792809018744,172.364529961041
-265.726102328063,389.970073936919
-265.659395637382,62.8457704872158
-265.592688946701,271.463165514361
-265.52598225602,305.580271229305
-265.459275565339,58.5243008527971
-265.392568874658,150.44445878282
-265.325862183977,143.937786260116
-265.259155493296,212.699997184229
-265.192448802615,246.256426387917
-265.125742111934,117.588113909162
-265.059035421253,43.9891815920684
-264.992328730572,331.450902012201
-264.92562203989,193.491354528895
-264.858915349209,105.642035741158
-264.792208658528,139.954153498657
-264.725501967847,157.166066380094
-264.658795277166,181.039634165804
-264.592088586485,81.5874632431917
-264.525381895804,105.382767553365
-264.458675205123,130.616810272989
-264.391968514442,191.293021360032
-264.325261823761,307.692970277207
-264.25855513308,203.376649595695
-264.191848442399,29.5905791186747
-264.125141751718,303.886585691381
-264.058435061036,384.432301163162
-263.991728370355,302.164560133587
-263.925021679674,120.928667413794
-263.858314988993,290.12705882925
-263.791608298312,493.19711638637
-263.724901607631,402.977629664808
-263.65819491695,208.645463356646
-263.591488226269,370.385800513587
-263.524781535588,436.559575994261
-263.458074844907,441.566381611434
-263.391368154226,276.451263468436
-263.324661463545,102.347970916066
-263.257954772864,381.603404700047
-263.191248082182,235.367334408232
-263.124541391501,154.756765965408
-263.05783470082,183.279201109756
-262.991128010139,145.376400368158
-262.924421319458,159.80376707881
-262.857714628777,174.519208915642
-262.791007938096,189.485706607978
-262.724301247415,401.670679876353
-262.657594556734,287.268259355115
-262.590887866053,330.580542705677
-262.524181175372,264.976453380592
-262.457474484691,414.637304899569
-262.39076779401,334.515144294952
-262.324061103328,269.917840465026
-262.257354412647,189.425074612395
-262.190647721966,290.776843287064
-262.123941031285,250.664759575036
-262.057234340604,189.946190341431
-261.990527649923,105.740463192821
-261.923820959242,101.546370947774
-261.857114268561,322.888432542783
-261.79040757788,48.2136433433922
-261.723700887199,9.17834870432594
-261.656994196518,18.0657699896376
-261.590287505837,165.571166953657
-261.523580815156,133.062799515369
-261.456874124474,265.237279019095
-261.390167433793,13.8800086351016
-261.323460743112,183.190267872898
-261.256754052431,31.7446107346085
-261.19004736175,201.0559774018
-261.123340671069,361.304800913925
-261.056633980388,189.36054983465
-260.989927289707,109.01396972075
-260.923220599026,77.2012151986445
-260.856513908345,298.588955911284
-260.789807217664,149.858191170896
-260.723100526983,180.319249487357
-260.656393836302,194.484746842857
-260.589687145621,192.532626848195
-260.522980454939,321.097074346894
-260.456273764258,212.41874954093
-260.389567073577,187.756222638129
-260.322860382896,364.309329653576
-260.256153692215,246.341083276665
-260.189447001534,293.657093756574
-260.122740310853,221.495780055973
-260.056033620172,306.283083737763
-259.989326929491,152.168689181246
-259.92262023881,301.182848668551
-259.855913548129,143.230441239793
-259.789206857448,327.870009140632
-259.722500166767,377.656563224117
-259.655793476085,165.856711777608
-259.589086785404,430.052547602082
-259.522380094723,234.405097945451
-259.455673404042,350.47207264127
-259.388966713361,239.963193543981
-259.32226002268,274.549196863598
-259.255553331999,235.150201990308
-259.188846641318,267.135428884386
-259.122139950637,388.911261782198
-259.055433259956,164.379154409298
-258.988726569275,200.55537197437
-258.922019878594,241.446293080992
-258.855313187913,314.94163330189
-258.788606497232,233.177793054306
-258.72189980655,316.978524831185
-258.655193115869,169.920279453565
-258.588486425188,258.586180675692
-258.521779734507,170.252730590196
-258.455073043826,68.1877729762201
-258.388366353145,187.600589831451
-258.321659662464,268.672960827696
-258.254952971783,295.500774781383
-258.188246281102,29.8720647980225
-258.121539590421,246.90531078182
-258.05483289974,498.835765674273
-257.988126209059,265.870350632538
-257.921419518377,225.972373108181
-257.854712827696,191.308904066196
-257.788006137015,124.064488539641
-257.721299446334,444.078691041064
-257.654592755653,255.137995893187
-257.587886064972,300.559347500901
-257.521179374291,87.3095304586289
-257.45447268361,174.034245352672
-257.387765992929,457.947920898559
-257.321059302248,471.524348586702
-257.254352611567,340.3705684451
-257.187645920886,142.559521802575
-257.120939230205,8.92205415931487
-257.054232539524,373.41818620929
-256.987525848842,383.895671631076
-256.920819158161,151.531434946094
-256.85411246748,174.710679462963
-256.787405776799,168.890294235173
-256.720699086118,400.169194734527
-256.653992395437,417.284255558549
-256.587285704756,180.921675707922
-256.520579014075,188.090073962719
-256.453872323394,119.855266539945
-256.387165632713,109.590893394213
-256.320458942032,209.648490311671
-256.253752251351,125.084999691288
-256.18704556067,48.8608745830781
-256.120338869988,19.1069350316648
-256.053632179307,310.037821750267
-255.986925488626,267.626791928303
-255.920218797945,236.405118790017
-255.853512107264,148.630851052064
-255.786805416583,247.746092318397
-255.720098725902,219.279998771421
-255.653392035221,232.881222899392
-255.58668534454,243.833016818268
-255.519978653859,104.52549463627
-255.453271963178,165.710324807285
-255.386565272497,227.744310334754
-255.319858581816,183.041557280902
-255.253151891135,132.979399434559
-255.186445200453,305.662726630734
-255.119738509772,391.916712575325
-255.053031819091,84.2125000978889
-254.98632512841,356.453772849624
-254.919618437729,267.435595493889
-254.852911747048,264.632535413679
-254.786205056367,152.864821992384
-254.719498365686,284.379112558759
-254.652791675005,50.6559471134456
-254.586084984324,412.681279156471
-254.519378293643,192.379651320645
-254.452671602962,134.607866928043
-254.385964912281,228.528311068912
-254.319258221599,161.024215806702
-254.252551530918,406.41964494494
-254.185844840237,420.57437416934
-254.119138149556,151.251726354986
-254.052431458875,214.459596190707
-253.985724768194,231.59688361575
-253.919018077513,403.742737331676
-253.852311386832,412.735951674042
-253.785604696151,218.682650817504
-253.71889800547,48.7234576934963
-253.652191314789,321.724175733724
-253.585484624108,194.100618941003
-253.518777933427,345.46692217353
-253.452071242745,277.678559170424
-253.385364552064,342.101461976498
-253.318657861383,659.518276175035
-253.251951170702,228.419301569807
-253.185244480021,252.75326637551
-253.11853778934,362.178499406476
-253.051831098659,528.144699292836
-252.985124407978,496.493797400273
-252.918417717297,319.672565742161
-252.851711026616,97.2992256260077
-252.785004335935,297.651623501552
-252.718297645254,402.919394404524
-252.651590954573,307.047521836901
-252.584884263891,104.274442384444
-252.51817757321,191.892383865605
-252.451470882529,263.212532586815
-252.384764191848,225.091428073342
-252.318057501167,336.243940993215
-252.251350810486,157.407671063626
-252.184644119805,177.630515631573
-252.117937429124,96.7554858368443
-252.051230738443,139.283453078886
-251.984524047762,50.9038353563749
-251.917817357081,239.432209567023
-251.8511106664,320.532330034038
-251.784403975719,114.648640115976
-251.717697285038,175.912183548456
-251.650990594356,364.385153679056
-251.584283903675,65.5623505593514
-251.517577212994,360.46042275502
-251.450870522313,153.77745490174
-251.384163831632,140.200613130826
-251.317457140951,318.786942828816
-251.25075045027,149.114515539077
-251.184043759589,204.781127092957
-251.117337068908,179.948102024288
-251.050630378227,192.401610332863
-250.983923687546,224.447525287457
-250.917216996865,224.771010661499
-250.850510306184,300.57904298316
-250.783803615502,305.137953659775
-250.717096924821,162.576259391588
-250.65039023414,418.729876852792
-250.583683543459,193.483508560371
-250.516976852778,285.776701605906
-250.450270162097,220.54448636802
-250.383563471416,312.818405318524
-250.316856780735,327.3254610663
-250.250150090054,414.561830720989
-250.183443399373,300.248553464323
-250.116736708692,150.141656338351
-250.050030018011,333.567501074332
-249.98332332733,420.931104585893
-249.916616636648,590.893853955082
-249.849909945967,262.362901103729
-249.783203255286,249.145252496624
-249.716496564605,325.543299530379
-249.649789873924,641.0003215667
-249.583083183243,643.7775261393
-249.516376492562,476.448715467595
-249.449669801881,168.01846577525
-249.3829631112,251.73308837776
-249.316256420519,646.198975979493
-249.249549729838,680.560349532175
-249.182843039157,369.965663362341
-249.116136348476,215.464470522688
-249.049429657794,409.479062716958
-248.982722967113,754.664097069594
-248.916016276432,230.609334867489
-248.849309585751,443.655951740571
-248.78260289507,578.69164250977
-248.715896204389,373.599514002235
-248.649189513708,504.844218782051
-248.582482823027,122.480128620252
-248.515776132346,422.480961436561
-248.449069441665,297.237289191421
-248.382362750984,444.967464091655
-248.315656060303,759.090329247659
-248.248949369622,220.197735594767
-248.182242678941,312.519161315855
-248.115535988259,234.108478390572
-248.048829297578,391.667815923414
-247.982122606897,578.020582410612
-247.915415916216,275.000257541508
-247.848709225535,160.11988782353
-247.782002534854,186.559215770411
-247.715295844173,531.532378137093
-247.648589153492,311.775251969074
-247.581882462811,89.07186338642
-247.51517577213,311.736922563038
-247.448469081449,380.64303630567
-247.381762390768,161.607965377824
-247.315055700087,130.652170399853
-247.248349009405,361.30815042106
-247.181642318724,290.928683239374
-247.114935628043,459.950292520382
-247.048228937362,263.594142646934
-246.981522246681,169.037628180423
-246.914815556,430.62680236165
-246.848108865319,172.824143485572
-246.781402174638,434.783324576608
-246.714695483957,213.087609476443
-246.647988793276,280.296123832333
-246.581282102595,280.292503817135
-246.514575411914,130.712189577955
-246.447868721233,263.199849514577
-246.381162030551,437.594305422265
-246.31445533987,291.576872017417
-246.247748649189,173.777132326579
-246.181041958508,269.208722715925
-246.114335267827,195.559163883168
-246.047628577146,487.259144982536
-245.980921886465,230.470797058944
-245.914215195784,193.528528687369
-245.847508505103,233.445168055662
-245.780801814422,366.861777702374
-245.714095123741,353.277427649502
-245.64738843306,236.93189854455
-245.580681742379,219.737710536634
-245.513975051698,142.69276635561
-245.447268361016,595.854131039069
-245.380561670335,296.008504504358
-245.313854979654,218.685063994877
-245.247148288973,217.889539334202
-245.180441598292,472.972881782642
-245.113734907611,667.009620128384
-245.04702821693,200.018668366415
-244.980321526249,66.4554670164994
-244.913614835568,347.100330917603
-244.846908144887,499.24928439436
-244.780201454206,368.586908896856
-244.713494763525,84.7819495602401
-244.646788072844,118.657532238053
-244.580081382162,527.287311271485
-244.513374691481,487.017504177672
-244.4466680008,38.396611546638
-244.379961310119,214.939132364678
-244.313254619438,155.618532587886
-244.246547928757,323.69881739133
-244.179841238076,205.212174737431
-244.113134547395,332.729360774555
-244.046427856714,200.290747073852
-243.979721166033,460.234350165699
-243.913014475352,305.006662521272
-243.846307784671,238.562796838407
-243.77960109399,209.282760542333
-243.712894403308,366.661560617701
-243.646187712627,331.138297119125
-243.579481021946,236.273171224417
-243.512774331265,143.07412046637
-243.446067640584,181.522961032758
-243.379360949903,244.093393540037
-243.312654259222,190.011555082046
-243.245947568541,230.994345126639
-243.17924087786,31.5393773912268
-243.112534187179,362.239058922824
-243.045827496498,427.996280307404
-242.979120805817,306.137972316187
-242.912414115136,351.807519662688
-242.845707424455,330.833946516105
-242.779000733773,432.089280817639
-242.712294043092,552.39375322397
-242.645587352411,556.985415567489
-242.57888066173,197.931704330826
-242.512173971049,391.207094533045
-242.445467280368,299.379550417256
-242.378760589687,754.020594999374
-242.312053899006,317.246092046634
-242.245347208325,261.005452567579
-242.178640517644,453.880241652273
-242.111933826963,513.687376304147
-242.045227136282,729.610012703441
-241.978520445601,262.66053184206
-241.911813754919,399.813490883756
-241.845107064238,361.270587865803
-241.778400373557,541.837446197647
-241.711693682876,515.491944939128
-241.644986992195,235.485098609814
-241.578280301514,45.6069688947006
-241.511573610833,373.726899192426
-241.444866920152,399.136292065952
-241.378160229471,134.305960625514
-241.31145353879,41.2782150067342
-241.244746848109,193.78107499253
-241.178040157428,264.266463069475
-241.111333466747,34.9428732968821
-241.044626776065,238.937842114226
-240.977920085384,140.217548027172
-240.911213394703,273.685936893014
-240.844506704022,362.298047066597
-240.777800013341,254.244490110245
-240.71109332266,198.857619813042
-240.644386631979,158.516282859987
-240.577679941298,434.342966744564
-240.510973250617,626.578590513528
-240.444266559936,234.520201250317
-240.377559869255,14.2616393355248
-240.310853178574,358.3676268934
-240.244146487893,244.783171489682
-240.177439797211,384.149572176144
-240.11073310653,253.414049062687
-240.044026415849,134.120341657667
-239.977319725168,63.6689632763055
-239.910613034487,280.007283161102
-239.843906343806,146.945727124508
-239.777199653125,160.894310258564
-239.710492962444,227.232967635107
-239.643786271763,381.992494261266
-239.577079581082,442.026571112697
-239.510372890401,93.6418709173278
-239.44366619972,246.107050338308
-239.376959509039,522.016372901072
-239.310252818358,450.796173229798
-239.243546127676,304.456962651979
-239.176839436995,252.577119893767
-239.110132746314,401.284129360846
-239.043426055633,448.733642499282
-238.976719364952,269.041594228527
-238.910012674271,367.053210383535
-238.84330598359,78.2853278313585
-238.776599292909,208.968418587575
-238.709892602228,372.144925836127
-238.643185911547,92.3555182250184
-238.576479220866,258.606526701333
-238.509772530185,262.049699774407
-238.443065839504,62.2251978921067
-238.376359148822,215.427199823556
-238.309652458141,174.290857033024
-238.24294576746,369.29542921205
-238.176239076779,345.184664028917
-238.109532386098,244.166575980101
-238.042825695417,102.972966888572
-237.976119004736,226.88627647645
-237.909412314055,359.032108575757
-237.842705623374,323.381877035119
-237.775998932693,219.852076967016
-237.709292242012,143.406422915496
-237.642585551331,404.191177930308
-237.57587886065,287.642208163359
-237.509172169968,88.2433959807074
-237.442465479287,56.8018270003706
-237.375758788606,70.0121865263608
-237.309052097925,156.995674825925
-237.242345407244,388.862631612615
-237.175638716563,329.022179183018
-237.108932025882,118.363615720132
-237.042225335201,221.826699383936
-236.97551864452,31.2384036166841
-236.908811953839,483.504596360584
-236.842105263158,349.552140840696
-236.775398572477,307.828385944912
-236.708691881796,332.189052280665
-236.641985191115,287.384607298205
-236.575278500433,549.608315741738
-236.508571809752,164.650012274465
-236.441865119071,202.8151104275
-236.37515842839,333.801079187469
-236.308451737709,301.765589484193
-236.241745047028,332.901653812018
-236.175038356347,55.7991140075435
-236.108331665666,181.124683634415
-236.041624974985,372.884217270507
-235.974918284304,242.343528356824
-235.908211593623,145.981160047461
-235.841504902942,217.103085517227
-235.774798212261,228.290163555929
-235.708091521579,306.002224549445
-235.641384830898,157.585699699082
-235.574678140217,233.430438315957
-235.507971449536,146.82948377674
-235.441264758855,453.603298521614
-235.374558068174,190.322429942599
-235.307851377493,285.930200900051
-235.241144686812,173.945946125987
-235.174437996131,261.95931084875
-235.10773130545,495.25957471278
-235.041024614769,210.796722684975
-234.974317924088,297.82707646118
-234.907611233407,310.107193991741
-234.840904542725,212.274185108016
-234.774197852044,307.644384367288
-234.707491161363,107.402908744464
-234.640784470682,203.588507816352
-234.574077780001,207.073078715887
-234.50737108932,145.133356393096
-234.440664398639,237.212522618017
-234.373957707958,516.584239857272
-234.307251017277,208.229249234744
-234.240544326596,72.6186156683322
-234.173837635915,241.69653999211
-234.107130945234,256.83722880615
-234.040424254553,81.8028022634874
-233.973717563872,93.7113730954017
-233.90701087319,53.2639515174106
-233.840304182509,338.906268510596
-233.773597491828,402.586450526727
-233.706890801147,99.4642879648148
-233.640184110466,172.009364289819
-233.573477419785,114.783195488689
-233.506770729104,408.720816475947
-233.440064038423,176.574037962683
-233.373357347742,48.7455536944869
-233.306650657061,101.174723334453
-233.23994396638,189.44223030434
-233.173237275699,333.651995162819
-233.106530585018,180.043395222478
-233.039823894336,369.257714310454
-232.973117203655,297.641413057928
-232.906410512974,255.344062353583
-232.839703822293,49.9003671893029
-232.772997131612,259.243563564893
-232.706290440931,140.462526186763
-232.63958375025,143.500785494468
-232.572877059569,163.530194592633
-232.506170368888,59.3066322390557
-232.439463678207,195.831370786147
-232.372756987526,133.147787572672
-232.306050296845,133.468335289842
-232.239343606164,169.139093826939
-232.172636915482,100.235413524816
-232.105930224801,153.140576705074
-232.03922353412,77.5963299781361
-231.972516843439,173.006589936949
-231.905810152758,165.59134306978
-231.839103462077,229.532671096958
-231.772396771396,69.5695258366275
-231.705690080715,30.366990316934
-231.638983390034,179.701897466833
-231.572276699353,261.255147620744
-231.505570008672,293.044755934736
-231.438863317991,216.91764936471
-231.37215662731,81.4533125186099
-231.305449936628,120.391644893227
-231.238743245947,160.215365742797
-231.172036555266,294.027608195895
-231.105329864585,253.653932679854
-231.038623173904,267.603374520801
-230.971916483223,238.038325858906
-230.905209792542,219.894217179014
-230.838503101861,531.687848257686
-230.77179641118,565.207271070791
-230.705089720499,611.104702984294
-230.638383029818,497.908986237572
-230.571676339137,358.693067036558
-230.504969648456,634.250735410364
-230.438262957774,710.306168455476
-230.371556267093,593.633187238411
-230.304849576412,531.205322480112
-230.238142885731,418.899123496352
-230.17143619505,532.449148085179
-230.104729504369,459.501153228544
-230.038022813688,372.459989135317
-229.971316123007,251.781252662071
-229.904609432326,481.439136513527
-229.837902741645,355.266253660744
-229.771196050964,429.080010524308
-229.704489360283,224.777122827442
-229.637782669602,422.585337852585
-229.571075978921,491.732156491482
-229.504369288239,126.49441640999
-229.437662597558,310.003793692911
-229.370955906877,363.675439017177
-229.304249216196,220.837135626657
-229.237542525515,307.418924862836
-229.170835834834,346.213735700099
-229.104129144153,498.414025778342
-229.037422453472,683.793525204474
-228.970715762791,327.403182801044
-228.90400907211,435.470881680566
-228.837302381429,497.829635788903
-228.770595690748,627.084618923718
-228.703889000067,332.05178839925
-228.637182309385,411.643142116085
-228.570475618704,558.865991671363
-228.503768928023,506.626090375805
-228.437062237342,441.743673966496
-228.370355546661,41.3561149705179
-228.30364885598,444.683206964444
-228.236942165299,414.464387047255
-228.170235474618,454.84178096791
-228.103528783937,269.451227112989
-228.036822093256,192.550984384236
-227.970115402575,338.197253543272
-227.903408711894,366.333518369448
-227.836702021213,188.202549698678
-227.769995330531,317.860999798174
-227.70328863985,179.147670561892
-227.636581949169,86.9102264862458
-227.569875258488,302.886815620408
-227.503168567807,63.1643486575707
-227.436461877126,380.527583711196
-227.369755186445,350.59869385243
-227.303048495764,177.24902204753
-227.236341805083,501.766090460217
-227.169635114402,92.4571758750488
-227.102928423721,456.33725932049
-227.03622173304,209.396628596889
-226.969515042359,56.3697630517726
-226.902808351678,441.875702443455
-226.836101660996,259.709419504317
-226.769394970315,361.545388532761
-226.702688279634,394.07762350875
-226.635981588953,217.45859930519
-226.569274898272,250.854336815167
-226.502568207591,128.24141204297
-226.43586151691,42.9791304892273
-226.369154826229,373.991749287679
-226.302448135548,479.009018671928
-226.235741444867,206.662499725629
-226.169034754186,409.266965148587
-226.102328063505,52.5698148649978
-226.035621372824,650.288442120602
-225.968914682142,429.568109136953
-225.902207991461,265.113658432127
-225.83550130078,221.875203655795
-225.768794610099,93.7180176805496
-225.702087919418,564.487420544172
-225.635381228737,244.157740609803
-225.568674538056,211.608329937074
-225.501967847375,214.583414756746
-225.435261156694,283.320644540428
-225.368554466013,549.369446901736
-225.301847775332,199.84890264802
-225.235141084651,211.728149495553
-225.16843439397,376.559287095124
-225.101727703288,469.224380854555
-225.035021012607,487.687618301399
-224.968314321926,273.511633554881
-224.901607631245,419.22477037843
-224.834900940564,381.123135375434
-224.768194249883,481.535279012023
-224.701487559202,574.386318559545
-224.634780868521,78.1595577732385
-224.56807417784,354.219854754891
-224.501367487159,373.326361681589
-224.434660796478,366.522188550318
-224.367954105797,376.406617090273
-224.301247415116,290.470566865659
-224.234540724435,265.345500509647
-224.167834033753,511.556891498713
-224.101127343072,299.571773264088
-224.034420652391,315.422189451396
-223.96771396171,486.694202397951
-223.901007271029,509.053803091896
-223.834300580348,367.643401585466
-223.767593889667,220.434418066851
-223.700887198986,277.224067874766
-223.634180508305,306.167188327946
-223.567473817624,201.582517286349
-223.500767126943,194.646488195912
-223.434060436262,83.7512442429087
-223.367353745581,175.554487341049
-223.300647054899,353.256138289766
-223.233940364218,486.74663624765
-223.167233673537,179.35838574
-223.100526982856,128.564186316135
-223.033820292175,254.387843626634
-222.967113601494,577.324310661768
-222.900406910813,538.609034644391
-222.833700220132,350.332743367717
-222.766993529451,110.263590458294
-222.70028683877,297.737353467343
-222.633580148089,896.465759893325
-222.566873457408,653.510740487561
-222.500166766727,251.180519979799
-222.433460076045,311.788751436207
-222.366753385364,464.380332833152
-222.300046694683,726.540227999404
-222.233340004002,540.236622181907
-222.166633313321,93.7734891528004
-222.09992662264,156.254533434601
-222.033219931959,382.879463735116
-221.966513241278,367.542799889861
-221.899806550597,517.389413934161
-221.833099859916,55.9007200039385
-221.766393169235,454.744133777823
-221.699686478554,303.398680665887
-221.632979787873,312.643772689145
-221.566273097191,417.60616378985
-221.49956640651,340.672700026216
-221.432859715829,476.648030146981
-221.366153025148,382.368240143153
-221.299446334467,469.072364681173
-221.232739643786,282.392265671844
-221.166032953105,203.785877017835
-221.099326262424,401.784089071185
-221.032619571743,215.077689970079
-220.965912881062,391.431114206073
-220.899206190381,500.252507142175
-220.8324994997,104.886499405975
-220.765792809019,481.754513054375
-220.699086118338,434.14662887981
-220.632379427656,539.817131968584
-220.565672736975,554.253707706065
-220.498966046294,165.667846172272
-220.432259355613,540.572524669968
-220.365552664932,577.928041600787
-220.298845974251,691.327695906031
-220.23213928357,532.462189359215
-220.165432592889,309.860832694879
-220.098725902208,553.251246951924
-220.032019211527,451.949265784049
-219.965312520846,437.34768912049
-219.898605830165,205.142360983963
-219.831899139484,436.125681500308
-219.765192448802,454.194247083272
-219.698485758121,344.003593767784
-219.63177906744,273.153569412824
-219.565072376759,268.721477540857
-219.498365686078,135.838155389934
-219.431658995397,170.754695904324
-219.364952304716,308.962997639022
-219.298245614035,435.818741167671
-219.231538923354,171.020192088563
-219.164832232673,165.688362810459
-219.098125541992,197.041132405389
-219.031418851311,223.130531445163
-218.96471216063,616.220469146357
-218.898005469948,338.736972880356
-218.831298779267,357.654370041497
-218.764592088586,341.016056758073
-218.697885397905,343.582327541224
-218.631178707224,401.370609029327
-218.564472016543,384.337192129263
-218.497765325862,492.414792557639
-218.431058635181,250.856877450956
-218.3643519445,282.955166652727
-218.297645253819,227.560184792963
-218.230938563138,127.381919790761
-218.164231872457,396.978700841904
-218.097525181776,488.997796405782
-218.030818491094,370.118361640044
-217.964111800413,504.552112766331
-217.897405109732,573.58730649323
-217.830698419051,497.897957792593
-217.76399172837,420.035093275768
-217.697285037689,685.075304511469
-217.630578347008,718.878958171484
-217.563871656327,226.200938571724
-217.497164965646,708.02237191728
-217.430458274965,514.360476723939
-217.363751584284,662.891589856849
-217.297044893603,522.041213474872
-217.230338202922,350.396433314186
-217.163631512241,429.297254177203
-217.096924821559,426.510093090796
-217.030218130878,682.023874260054
-216.963511440197,392.589079798765
-216.896804749516,533.11337622173
-216.830098058835,410.786245955786
-216.763391368154,346.585086618136
-216.696684677473,818.429519777355
-216.629977986792,513.625256970379
-216.563271296111,189.761295694078
-216.49656460543,225.34448035865
-216.429857914749,491.909963945926
-216.363151224068,564.222335094809
-216.296444533387,321.139840831373
-216.229737842705,277.729557269744
-216.163031152024,286.722479883215
-216.096324461343,381.381077772441
-216.029617770662,202.751062691614
-215.962911079981,394.045956773282
-215.8962043893,175.82487211974
-215.829497698619,430.097016350638
-215.762791007938,116.78071662945
-215.696084317257,136.938038240395
-215.629377626576,53.9962932285933
-215.562670935895,442.47133378714
-215.495964245214,258.139752232299
-215.429257554533,159.311411378064
-215.362550863851,350.919368817184
-215.29584417317,371.029485341619
-215.229137482489,669.730490567398
-215.162430791808,331.655906951456
-215.095724101127,199.027524946555
-215.029017410446,334.033546729601
-214.962310719765,544.579686623061
-214.895604029084,620.353253724514
-214.828897338403,545.765922465289
-214.762190647722,247.240443497775
-214.695483957041,146.025446937178
-214.62877726636,165.381203172685
-214.562070575679,338.691138483806
-214.495363884998,264.007098584389
-214.428657194316,140.462399202627
-214.361950503635,146.156565946254
-214.295243812954,533.327816305933
-214.228537122273,320.899716690523
-214.161830431592,169.084112842617
-214.095123740911,352.887055372773
-214.02841705023,200.619518166438
-213.961710359549,469.394502055893
-213.895003668868,274.178246468972
-213.828296978187,142.369019836733
-213.761590287506,209.269925941742
-213.694883596825,229.491833225415
-213.628176906144,356.943868913002
-213.561470215462,239.607483297644
-213.494763524781,266.667041520505
-213.4280568341,223.345098647848
-213.361350143419,360.90494780969
-213.294643452738,188.41439986518
-213.227936762057,152.239406740587
-213.161230071376,354.802786555936
-213.094523380695,417.586528097991
-213.027816690014,377.601536741427
-212.961109999333,106.196262967394
-212.894403308652,75.8351079206208
-212.827696617971,563.355537547577
-212.76098992729,531.197499003469
-212.694283236608,331.060993961029
-212.627576545927,90.5960856972699
-212.560869855246,118.918888795064
-212.494163164565,470.25326511577
-212.427456473884,520.084281503088
-212.360749783203,269.083706236591
-212.294043092522,95.4347940926462
-212.227336401841,139.197042418846
-212.16062971116,184.733756709945
-212.093923020479,216.459066446472
-212.027216329798,128.404827982477
-211.960509639117,390.670758332971
-211.893802948436,402.470327476174
-211.827096257755,245.942376610846
-211.760389567073,280.473448497689
-211.693682876392,132.581055848972
-211.626976185711,704.944155991276
-211.56026949503,485.399193697916
-211.493562804349,198.707048996296
-211.426856113668,323.325167339225
-211.360149422987,504.519733322861
-211.293442732306,770.087976727574
-211.226736041625,260.452223186909
-211.160029350944,316.246553057022
-211.093322660263,237.730299746623
-211.026615969582,784.006493684287
-210.959909278901,592.19108380127
-210.893202588219,393.085791627155
-210.826495897538,187.485580155244
-210.759789206857,517.413473039305
-210.693082516176,538.044386145559
-210.626375825495,407.700193375072
-210.559669134814,347.628293070389
-210.492962444133,99.8332577959203
-210.426255753452,609.594962786427
-210.359549062771,215.612137025982
-210.29284237209,127.731380377362
-210.226135681409,64.4394878705507
-210.159428990728,540.478625247223
-210.092722300047,454.334672902564
-210.026015609365,158.712902793813
-209.959308918684,164.127965532511
-209.892602228003,293.279180334583
-209.825895537322,336.654809090341
-209.759188846641,455.892871251376
-209.69248215596,115.661302863291
-209.625775465279,259.230653485289
-209.559068774598,126.0034681909
-209.492362083917,374.343497005
-209.425655393236,264.299519442811
-209.358948702555,215.224051921592
-209.292242011874,194.780887877946
-209.225535321193,428.298237102604
-209.158828630511,666.992930111015
-209.09212193983,390.09222586014
-209.025415249149,453.646774591338
-208.958708558468,247.539365257212
-208.892001867787,680.251809247753
-208.825295177106,952.520022855292
-208.758588486425,452.178306197418
-208.691881795744,662.633792790051
-208.625175105063,248.708516217434
-208.558468414382,792.445661572854
-208.491761723701,549.721523500404
-208.42505503302,251.959769676184
-208.358348342339,463.94010643885
-208.291641651657,442.979646575254
-208.224934960976,568.748044754968
-208.158228270295,149.279563916966
-208.091521579614,407.703990832653
-208.024814888933,100.162846028194
-207.958108198252,636.386812050193
-207.891401507571,199.132022037283
-207.82469481689,414.301711879603
-207.757988126209,582.896168680415
-207.691281435528,207.288785808981
-207.624574744847,587.688659086043
-207.557868054166,270.239765588295
-207.491161363485,458.889329753347
-207.424454672804,333.08140117622
-207.357747982122,221.600523000157
-207.291041291441,393.479645245679
-207.22433460076,71.0746029300746
-207.157627910079,432.311523293013
-207.090921219398,50.5126489464924
-207.024214528717,331.044259541604
-206.957507838036,310.340709570221
-206.890801147355,238.527317596724
-206.824094456674,355.485054862283
-206.757387765993,71.4630235688945
-206.690681075312,112.567860418046
-206.623974384631,257.007445661918
-206.55726769395,412.036704639379
-206.490561003268,354.214875577785
-206.423854312587,191.317218764022
-206.357147621906,454.028671114542
-206.290440931225,545.142419926672
-206.223734240544,639.357966157768
-206.157027549863,246.352604286526
-206.090320859182,356.503734819403
-206.023614168501,487.183968727444
-205.95690747782,412.14081000963
-205.890200787139,457.816448270438
-205.823494096458,229.832213704571
-205.756787405777,304.581041041928
-205.690080715096,295.669308211847
-205.623374024415,168.944125122319
-205.556667333733,348.928114875285
-205.489960643052,449.142829864641
-205.423253952371,599.707393889705
-205.35654726169,294.847951716831
-205.289840571009,243.015693131363
-205.223133880328,530.045068457917
-205.156427189647,747.386543167199
-205.089720498966,692.264643000293
-205.023013808285,506.800946539605
-204.956307117604,463.718590945116
-204.889600426923,563.398144624199
-204.822893736242,947.723476795444
-204.756187045561,869.369394854436
-204.689480354879,428.718093703286
-204.622773664198,319.682251557493
-204.556066973517,533.219589690596
-204.489360282836,1108.73385471422
-204.422653592155,1015.09122972001
-204.355946901474,271.159596311023
-204.289240210793,260.964773679415
-204.222533520112,495.723294957564
-204.155826829431,1060.48819896011
-204.08912013875,460.600440457743
-204.022413448069,351.31726762644
-203.955706757388,84.5897890297304
-203.889000066707,723.220059073601
-203.822293376025,662.483579278487
-203.755586685344,274.192781807553
-203.688879994663,168.151649951027
-203.622173303982,132.825173108409
-203.555466613301,785.772029139528
-203.48875992262,94.3732554129412
-203.422053231939,268.976884577844
-203.355346541258,336.751538881712
-203.288639850577,319.861154353999
-203.221933159896,157.975291663029
-203.155226469215,301.504276335455
-203.088519778534,457.759557023408
-203.021813087853,269.7863760033
-202.955106397172,132.725730025278
-202.88839970649,291.610722082688
-202.821693015809,415.247165094271
-202.754986325128,503.703112602522
-202.688279634447,330.073098318342
-202.621572943766,103.079085254086
-202.554866253085,197.511787141179
-202.488159562404,531.354882709377
-202.421452871723,361.695520454617
-202.354746181042,572.76455042674
-202.288039490361,541.095376155669
-202.22133279968,385.130882944971
-202.154626108999,375.037931013567
-202.087919418318,253.399088640937
-202.021212727636,619.935663120478
-201.954506036955,448.258173944962
-201.887799346274,265.645306231172
-201.821092655593,626.503764805414
-201.754385964912,301.590602881244
-201.687679274231,465.953616508286
-201.62097258355,246.833657853701
-201.554265892869,596.525497457541
-201.487559202188,684.439960320785
-201.420852511507,224.65151763724
-201.354145820826,166.444609024018
-201.287439130145,537.102564639128
-201.220732439464,556.050344486925
-201.154025748782,390.421129318713
-201.087319058101,313.863867019944
-201.02061236742,179.622582894675
-200.953905676739,520.241565666344
-200.887198986058,372.523917190202
-200.820492295377,42.640446554499
-200.753785604696,359.269355733628
-200.687078914015,318.869546523417
-200.620372223334,257.352882047377
-200.553665532653,254.239174540952
-200.486958841972,22.1688161726422
-200.420252151291,263.637483068351
-200.35354546061,321.532385531713
-200.286838769928,353.194660819724
-200.220132079247,371.792736744237
-200.153425388566,338.231814460746
-200.086718697885,159.667757670593
-200.020012007204,256.448363843863
-199.953305316523,351.059516772993
-199.886598625842,448.149541137522
-199.819891935161,444.841666363188
-199.75318524448,303.256568953575
-199.686478553799,222.905574646833
-199.619771863118,420.971023012472
-199.553065172437,380.607288477631
-199.486358481756,196.373944315376
-199.419651791075,473.41779097651
-199.352945100393,583.664198266222
-199.286238409712,594.976718252557
-199.219531719031,96.7119118019807
-199.15282502835,230.509837607787
-199.086118337669,763.78392788947
-199.019411646988,819.401027275179
-198.952704956307,345.888696928693
-198.885998265626,385.323546653336
-198.819291574945,173.020903726693
-198.752584884264,843.006622048005
-198.685878193583,706.312457629732
-198.619171502902,114.978278309068
-198.552464812221,435.293948012245
-198.485758121539,312.789133487677
-198.419051430858,817.906257624303
-198.352344740177,545.46002177856
-198.285638049496,77.5990296093574
-198.218931358815,142.021716951554
-198.152224668134,489.073193605032
-198.085517977453,450.311325280127
-198.018811286772,94.7557206150642
-197.952104596091,187.449351448097
-197.88539790541,112.895124718712
-197.818691214729,258.429435188298
-197.751984524048,146.532757981079
-197.685277833367,629.565822426589
-197.618571142685,206.035599935739
-197.551864452004,311.651943775607
-197.485157761323,282.873557047678
-197.418451070642,348.558788915446
-197.351744379961,577.410417710729
-197.28503768928,201.129723956788
-197.218330998599,543.416277137572
-197.151624307918,229.604972281904
-197.084917617237,469.297255217029
-197.018210926556,655.498472678959
-196.951504235875,231.187603285196
-196.884797545194,574.347628110797
-196.818090854513,382.42201179035
-196.751384163831,140.865326979778
-196.68467747315,228.05676867848
-196.617970782469,809.946131162176
-196.551264091788,820.189579302037
-196.484557401107,238.688997383982
-196.417850710426,276.121125760949
-196.351144019745,386.565205861261
-196.284437329064,706.258294274265
-196.217730638383,293.326191464622
-196.151023947702,560.850251878926
-196.084317257021,469.54870490948
-196.01761056634,325.562304534794
-195.950903875659,375.365441267386
-195.884197184978,82.5323495608381
-195.817490494296,511.218934482864
-195.750783803615,331.150651926606
-195.684077112934,415.169010808538
-195.617370422253,403.254269272357
-195.550663731572,214.149896044834
-195.483957040891,172.398972198636
-195.41725035021,309.066838897071
-195.350543659529,385.411800319146
-195.283836968848,360.991589426836
-195.217130278167,394.183650253503
-195.150423587486,149.885669823625
-195.083716896805,304.721123411905
-195.017010206124,140.750375260377
-194.950303515442,196.594964823037
-194.883596824761,215.740356588873
-194.81689013408,315.283682443195
-194.750183443399,369.476543025248
-194.683476752718,131.446280128258
-194.616770062037,78.3061151595757
-194.550063371356,376.334972788933
-194.483356680675,311.209521790538
-194.416649989994,204.205134985688
-194.349943299313,307.669367177191
-194.283236608632,418.73708094055
-194.216529917951,758.949632744059
-194.14982322727,433.537975281978
-194.083116536588,103.761545078868
-194.016409845907,329.036676420462
-193.949703155226,620.262996362582
-193.882996464545,768.203532025581
-193.816289773864,376.263569139122
-193.749583083183,628.44224204091
-193.682876392502,522.977814482015
-193.616169701821,692.523440108537
-193.54946301114,567.986169119917
-193.482756320459,376.473060674096
-193.416049629778,998.560955733443
-193.349342939097,787.439587585595
-193.282636248416,433.390977640948
-193.215929557735,748.854605019585
-193.149222867053,750.115729721297
-193.082516176372,809.447963994774
-193.015809485691,289.722459273146
-192.94910279501,502.256878654012
-192.882396104329,570.342746994833
-192.815689413648,380.140436004876
-192.748982722967,336.742512085581
-192.682276032286,242.805795633272
-192.615569341605,98.7901527569605
-192.548862650924,144.953566140065
-192.482155960243,232.120261017283
-192.415449269562,349.28078272039
-192.348742578881,380.880390240993
-192.282035888199,315.319668847268
-192.215329197518,465.825943408866
-192.148622506837,89.1030343505944
-192.081915816156,365.688178021668
-192.015209125475,234.367386753473
-191.948502434794,345.629981277728
-191.881795744113,305.251752183572
-191.815089053432,142.340373582511
-191.748382362751,199.365372205515
-191.68167567207,268.159895707623
-191.614968981389,458.497701471392
-191.548262290708,111.830601744113
-191.481555600027,136.533940324518
-191.414848909345,162.218704592039
-191.348142218664,384.615185108396
-191.281435527983,319.655507987956
-191.214728837302,229.721314570208
-191.148022146621,144.761542162089
-191.08131545594,230.523879703889
-191.014608765259,526.330725336483
-190.947902074578,580.433732086349
-190.881195383897,580.063552112509
-190.814488693216,239.026852762576
-190.747782002535,344.634041658423
-190.681075311854,565.118588688403
-190.614368621173,880.550960286843
-190.547661930492,407.420582317253
-190.48095523981,99.1596857005484
-190.414248549129,142.827080618695
-190.347541858448,563.405983325001
-190.280835167767,508.011849216059
-190.214128477086,135.200931052064
-190.147421786405,289.335345637102
-190.080715095724,282.965266155097
-190.014008405043,279.981852605599
-189.947301714362,365.91114143105
-189.880595023681,357.010658752377
-189.813888333,533.114637831457
-189.747181642319,327.153130220205
-189.680474951638,825.848859305013
-189.613768260956,596.156779359407
-189.547061570275,412.664217766015
-189.480354879594,887.64826368381
-189.413648188913,1056.33799928958
-189.346941498232,916.915715316202
-189.280234807551,58.0753869303544
-189.21352811687,614.259229573937
-189.146821426189,1050.91558727322
-189.080114735508,1092.08261710062
-189.013408044827,383.937702137273
-188.946701354146,528.885003546427
-188.879994663465,803.788873654535
-188.813287972784,996.832206305065
-188.746581282102,642.911057776892
-188.679874591421,388.332961755969
-188.61316790074,366.013286119521
-188.546461210059,555.946575854342
-188.479754519378,827.317488278952
-188.413047828697,802.933749323557
-188.346341138016,360.165554041872
-188.279634447335,714.252998056278
-188.212927756654,607.356729511588
-188.146221065973,1168.92735955984
-188.079514375292,794.847725457003
-188.012807684611,252.694303699295
-187.94610099393,655.507642597094
-187.879394303248,878.33028853819
-187.812687612567,1034.538231416
-187.745980921886,561.380250840552
-187.679274231205,396.509531465921
-187.612567540524,631.470547572917
-187.545860849843,714.425129037176
-187.479154159162,526.680833413362
-187.412447468481,79.8766130830155
-187.3457407778,812.86972992683
-187.279034087119,675.686702035091
-187.212327396438,522.914845406298
-187.145620705757,237.827985025365
-187.078914015076,447.165000748928
-187.012207324394,940.489840279008
-186.945500633713,869.178432204107
-186.878793943032,374.551211752024
-186.812087252351,194.551704960518
-186.74538056167,566.520097706735
-186.678673870989,1343.65710327616
-186.611967180308,704.594941860533
-186.545260489627,526.196893415452
-186.478553798946,70.4719480598137
-186.411847108265,849.689255890938
-186.345140417584,1126.42099722295
-186.278433726903,508.014595154927
-186.211727036222,495.637736125984
-186.145020345541,250.449444925193
-186.078313654859,661.403049525188
-186.011606964178,929.627809304321
-185.944900273497,58.6321436429536
-185.878193582816,321.637780607821
-185.811486892135,299.622035097544
-185.744780201454,368.733385670561
-185.678073510773,397.689518338073
-185.611366820092,363.335809440517
-185.544660129411,125.373447850358
-185.47795343873,249.805962055608
-185.411246748049,572.82920706404
-185.344540057368,221.862739305434
-185.277833366687,526.13006859325
-185.211126676005,263.105681242514
-185.144419985324,167.675075586014
-185.077713294643,444.735225610125
-185.011006603962,411.231052358784
-184.944299913281,883.567411018092
-184.8775932226,439.198919480569
-184.810886531919,521.655703683818
-184.744179841238,554.598064469994
-184.677473150557,482.565127537273
-184.610766459876,753.306455492416
-184.544059769195,188.234387325755
-184.477353078514,576.001582871356
-184.410646387833,568.979332596275
-184.343939697151,262.51102913477
-184.27723300647,418.487422480608
-184.210526315789,184.572508375986
-184.143819625108,395.525420650582
-184.077112934427,172.836137207469
-184.010406243746,268.457713718636
-183.943699553065,266.997342676494
-183.876992862384,248.013459097159
-183.810286171703,18.1658561210455
-183.743579481022,470.292452711967
-183.676872790341,540.600511075502
-183.61016609966,87.2683255971342
-183.543459408979,258.864626678701
-183.476752718298,414.985282748285
-183.410046027616,576.060761431512
-183.343339336935,620.584219255575
-183.276632646254,63.7810009560705
-183.209925955573,431.976191253653
-183.143219264892,721.558685247871
-183.076512574211,702.108623826374
-183.00980588353,493.709369343174
-182.943099192849,366.5716120372
-182.876392502168,341.26777943093
-182.809685811487,914.849802556998
-182.742979120806,756.812653691166
-182.676272430125,395.353412230244
-182.609565739444,277.988555074502
-182.542859048762,435.926385326163
-182.476152358081,710.31186111409
-182.4094456674,713.3558910008
-182.342738976719,301.326164470269
-182.276032286038,203.961803052963
-182.209325595357,480.288867506291
-182.142618904676,529.288676294242
-182.075912213995,530.599396342749
-182.009205523314,497.832429095768
-181.942498832633,327.556580204092
-181.875792141952,247.437965979511
-181.809085451271,477.181516355445
-181.74237876059,449.023236076832
-181.675672069908,475.451525268229
-181.608965379227,450.690193216765
-181.542258688546,153.373954278027
-181.475551997865,506.964934415719
-181.408845307184,240.193181529537
-181.342138616503,328.894492793132
-181.275431925822,37.1717667592884
-181.208725235141,64.5640479774647
-181.14201854446,397.683162400738
-181.075311853779,221.17621679205
-181.008605163098,261.689072943679
-180.941898472417,312.378195834656
-180.875191781736,235.386150572333
-180.808485091055,472.081477624521
-180.741778400373,193.4623607944
-180.675071709692,318.711346339091
-180.608365019011,93.8966697671964
-180.54165832833,350.918760034921
-180.474951637649,374.790362360611
-180.408244946968,230.82907135372
-180.341538256287,294.529094420791
-180.274831565606,419.949962015048
-180.208124874925,508.952695684839
-180.141418184244,310.805490697456
-180.074711493563,316.239453576291
-180.008004802882,217.144247993926
-179.941298112201,650.803399280061
-179.874591421519,309.912779420727
-179.807884730838,40.0574480787327
-179.741178040157,348.995807078964
-179.674471349476,679.515956979813
-179.607764658795,493.537291521496
-179.541057968114,469.126940789856
-179.474351277433,383.537413706549
-179.407644586752,430.992580458554
-179.340937896071,691.892452870782
-179.27423120539,529.419145737757
-179.207524514709,500.687960733335
-179.140817824028,522.477734519955
-179.074111133347,423.90502038702
-179.007404442665,701.915556617935
-178.940697751984,681.779557715184
-178.873991061303,385.426331543656
-178.807284370622,327.248061531742
-178.740577679941,387.696277951105
-178.67387098926,600.372383440727
-178.607164298579,423.94173332622
-178.540457607898,146.441904311854
-178.473750917217,223.786699043388
-178.407044226536,88.4178079366605
-178.340337535855,376.204398849848
-178.273630845174,401.379473874838
-178.206924154493,348.960065059534
-178.140217463811,307.689787259017
-178.07351077313,385.657996357947
-178.006804082449,436.032234595239
-177.940097391768,410.526342545328
-177.873390701087,712.228475539323
-177.806684010406,384.856979638182
-177.739977319725,445.586692952737
-177.673270629044,639.079164788558
-177.606563938363,562.040960543507
-177.539857247682,481.625108699721
-177.473150557001,120.458034315729
-177.40644386632,210.673579826441
-177.339737175639,557.818437636328
-177.273030484958,563.639479250608
-177.206323794276,512.176738636623
-177.139617103595,676.203824185392
-177.072910412914,112.508745516039
-177.006203722233,319.084707996605
-176.939497031552,892.060655643474
-176.872790340871,925.651976976098
-176.80608365019,687.659016968653
-176.739376959509,113.824535705013
-176.672670268828,360.012143241885
-176.605963578147,917.559100398105
-176.539256887466,857.590774718005
-176.472550196785,406.313658966584
-176.405843506104,224.082239265677
-176.339136815422,521.502002442387
-176.272430124741,509.614396503656
-176.20572343406,802.796933781509
-176.139016743379,446.326549987568
-176.072310052698,393.795597596516
-176.005603362017,199.146076267244
-175.938896671336,442.173409737037
-175.872189980655,488.45565294428
-175.805483289974,486.51985923867
-175.738776599293,57.2528068113888
-175.672069908612,430.142559276397
-175.605363217931,551.81722184571
-175.53865652725,189.161758297813
-175.471949836568,324.256276916643
-175.405243145887,201.358236904063
-175.338536455206,508.244954681942
-175.271829764525,232.687072176572
-175.205123073844,113.213631625647
-175.138416383163,273.691663566909
-175.071709692482,391.14156593978
-175.005003001801,352.241167468173
-174.93829631112,278.27907187537
-174.871589620439,377.755545214309
-174.804882929758,97.1340317096001
-174.738176239077,526.609778918089
-174.671469548396,41.5076634706633
-174.604762857715,364.823006392913
-174.538056167033,429.68020204734
-174.471349476352,186.077702903317
-174.404642785671,612.618353637291
-174.33793609499,268.105416823481
-174.271229404309,296.528394730952
-174.204522713628,228.525160212497
-174.137816022947,357.405673778084
-174.071109332266,237.629562677242
-174.004402641585,302.599344671566
-173.937695950904,315.477925737848
-173.870989260223,571.641837927374
-173.804282569542,288.281449273842
-173.737575878861,318.094672234683
-173.670869188179,24.240504298384
-173.604162497498,473.982802305724
-173.537455806817,660.652339497563
-173.470749116136,145.706706904999
-173.404042425455,453.935152825322
-173.337335734774,193.865518099292
-173.270629044093,384.721390477522
-173.203922353412,126.207448970792
-173.137215662731,700.307508630119
-173.07050897205,235.463100010712
-173.003802281369,473.042828450205
-172.937095590688,351.414802934024
-172.870388900007,843.952961592815
-172.803682209325,1101.40326120233
-172.736975518644,245.005185802529
-172.670268827963,679.259478249993
-172.603562137282,638.92482932227
-172.536855446601,863.976355015025
-172.47014875592,739.232028717414
-172.403442065239,441.80663319974
-172.336735374558,559.916416911135
-172.270028683877,298.652280781766
-172.203321993196,435.910477824571
-172.136615302515,549.667106378717
-172.069908611834,513.737240607987
-172.003201921153,245.173079614455
-171.936495230472,488.049482666062
-171.86978853979,622.660547209326
-171.803081849109,773.27207813198
-171.736375158428,240.354685110107
-171.669668467747,277.937789901461
-171.602961777066,678.598614751446
-171.536255086385,453.697343132299
-171.469548395704,448.473007745834
-171.402841705023,232.752251234767
-171.336135014342,340.600205441077
-171.269428323661,229.829836288736
-171.20272163298,127.31739395251
-171.136014942299,153.601063687262
-171.069308251618,446.66592614785
-171.002601560936,450.054420635879
-170.935894870255,281.522786958483
-170.869188179574,188.926928722722
-170.802481488893,605.708016162228
-170.735774798212,1031.88634196081
-170.669068107531,675.255955540929
-170.60236141685,647.236583589006
-170.535654726169,549.061773157307
-170.468948035488,907.758020654345
-170.402241344807,1076.47064105562
-170.335534654126,756.359779237113
-170.268827963445,612.045999753584
-170.202121272764,649.313415612331
-170.135414582082,923.764838590714
-170.068707891401,621.382821321958
-170.00200120072,479.884743069521
-169.935294510039,619.575885502088
-169.868587819358,532.769010165963
-169.801881128677,694.664526409119
-169.735174437996,355.299395847038
-169.668467747315,422.434781466727
-169.601761056634,536.6969345115
-169.535054365953,223.927409149853
-169.468347675272,202.819227264373
-169.401640984591,123.183130182234
-169.33493429391,562.270535269697
-169.268227603228,321.639144284929
-169.201520912547,508.596089966262
-169.134814221866,508.244194193482
-169.068107531185,567.336875325424
-169.001400840504,602.591339974956
-168.934694149823,386.491597817217
-168.867987459142,892.555352332401
-168.801280768461,787.162241006589
-168.73457407778,305.830339741427
-168.667867387099,411.55110657609
-168.601160696418,477.376739336818
-168.534454005737,778.163132838802
-168.467747315056,496.384845491663
-168.401040624375,197.439966648424
-168.334333933693,220.646845431873
-168.267627243012,566.497493000802
-168.200920552331,462.336853848844
-168.13421386165,107.371415192846
-168.067507170969,30.7387032827018
-168.000800480288,440.763291499674
-167.934093789607,332.907004046246
-167.867387098926,408.192929621185
-167.800680408245,126.975688000586
-167.733973717564,87.2228867657919
-167.667267026883,329.230821141401
-167.600560336202,328.908015211743
-167.533853645521,280.055590460661
-167.467146954839,583.559907419434
-167.400440264158,103.655950366878
-167.333733573477,625.500285444352
-167.267026882796,270.241671756773
-167.200320192115,484.184027067122
-167.133613501434,593.59032767906
-167.066906810753,190.041265476522
-167.000200120072,724.56576811578
-166.933493429391,53.5789863561334
-166.86678673871,300.46370961831
-166.800080048029,277.143797089173
-166.733373357348,543.386948920093
-166.666666666667,152.769091250665
-166.599959975985,266.921795115565
-166.533253285304,731.281882097108
-166.466546594623,797.227558124143
-166.399839903942,326.93562693818
-166.333133213261,150.956268857281
-166.26642652258,654.302499974352
-166.199719831899,1105.6983007365
-166.133013141218,753.365676927279
-166.066306450537,283.134280614986
-165.999599759856,47.5174647102426
-165.932893069175,343.365649607773
-165.866186378494,678.438352549574
-165.799479687813,485.662876245826
-165.732772997131,391.660938984588
-165.66606630645,602.271793239992
-165.599359615769,163.674902032839
-165.532652925088,157.232556548989
-165.465946234407,313.287896674001
-165.399239543726,343.456995728931
-165.332532853045,469.189888568481
-165.265826162364,464.399829891005
-165.199119471683,452.016488261997
-165.132412781002,252.147884765929
-165.065706090321,365.758312468929
-164.99899939964,315.768155521629
-164.932292708959,579.912341359321
-164.865586018278,358.733476086304
-164.798879327596,55.4168875243017
-164.732172636915,479.689297090177
-164.665465946234,428.181125639464
-164.598759255553,388.698382422118
-164.532052564872,328.349342812238
-164.465345874191,229.61393698206
-164.39863918351,212.030964248419
-164.331932492829,320.00695374989
-164.265225802148,373.340139322559
-164.198519111467,212.681811501299
-164.131812420786,123.376707162424
-164.065105730105,57.0485001616676
-163.998399039424,204.170045172681
-163.931692348742,143.944738863087
-163.864985658061,395.392452074299
-163.79827896738,256.450035364979
-163.731572276699,333.100260664398
-163.664865586018,378.164825687189
-163.598158895337,706.709628088947
-163.531452204656,465.598936728428
-163.464745513975,255.927642876286
-163.398038823294,422.514126038355
-163.331332132613,618.290981467231
-163.264625441932,1032.80658424648
-163.197918751251,574.964648395666
-163.13121206057,38.3975949892758
-163.064505369888,555.52989922377
-162.997798679207,502.67499841468
-162.931091988526,785.44549868311
-162.864385297845,325.278669524598
-162.797678607164,410.599936224103
-162.730971916483,398.364278099992
-162.664265225802,511.756335553855
-162.597558535121,647.679005951302
-162.53085184444,258.292254183033
-162.464145153759,571.123713609537
-162.397438463078,479.380463198213
-162.330731772397,661.196011384835
-162.264025081716,381.944482355925
-162.197318391035,511.043111330036
-162.130611700353,488.01051932022
-162.063905009672,514.642635566434
-161.997198318991,493.194470409535
-161.93049162831,469.366075541486
-161.863784937629,180.778704591362
-161.797078246948,537.555688921145
-161.730371556267,305.956331865056
-161.663664865586,465.566468117174
-161.596958174905,507.664786024711
-161.530251484224,122.157702214658
-161.463544793543,261.558758982733
-161.396838102862,488.118474507769
-161.330131412181,659.742949487235
-161.263424721499,212.055006524265
-161.196718030818,265.89548075309
-161.130011340137,88.3729016482762
-161.063304649456,816.443789642813
-160.996597958775,565.512645112202
-160.929891268094,300.744771307684
-160.863184577413,423.493039134575
-160.796477886732,651.399880335502
-160.729771196051,939.716018795875
-160.66306450537,375.396167593619
-160.596357814689,705.442682751644
-160.529651124008,252.14337979282
-160.462944433327,1319.4327601069
-160.396237742645,730.157645163351
-160.329531051964,534.3998443636
-160.262824361283,689.422714859015
-160.196117670602,738.344885295911
-160.129410979921,1275.21374075495
-160.06270428924,677.819122734858
-159.995997598559,608.789022293436
-159.929290907878,486.874876254243
-159.862584217197,981.790035377768
-159.795877526516,1025.15289037901
-159.729170835835,489.632197401121
-159.662464145154,728.111231880647
-159.595757454473,231.700442146258
-159.529050763792,1062.61791705943
-159.46234407311,975.759121424081
-159.395637382429,509.403400614562
-159.328930691748,683.816695676175
-159.262224001067,672.100571903874
-159.195517310386,1046.61905097304
-159.128810619705,420.250885172023
-159.062103929024,579.255523948731
-158.995397238343,191.999869512988
-158.928690547662,643.301243208027
-158.861983856981,599.706554891386
-158.7952771663,229.252711346454
-158.728570475619,571.162020416555
-158.661863784938,145.46754316938
-158.595157094256,582.019431908588
-158.528450403575,390.933767748955
-158.461743712894,339.445245573737
-158.395037022213,507.682657952563
-158.328330331532,380.829610356436
-158.261623640851,469.785092085284
-158.19491695017,70.6839526459597
-158.128210259489,476.996510160548
-158.061503568808,283.146422188423
-157.994796878127,438.291014225715
-157.928090187446,292.394372001524
-157.861383496765,320.014473840965
-157.794676806084,341.736589135244
-157.727970115402,142.281223458502
-157.661263424721,480.760333073924
-157.59455673404,187.994247663041
-157.527850043359,486.645101872616
-157.461143352678,525.2564681322
-157.394436661997,263.264401926784
-157.327729971316,341.543094250467
-157.261023280635,510.676986538541
-157.194316589954,759.012620051024
-157.127609899273,547.421274003754
-157.060903208592,279.869532783702
-156.994196517911,428.06317653625
-156.92748982723,658.735950513416
-156.860783136548,686.484172992203
-156.794076445867,415.8907626047
-156.727369755186,390.037315309763
-156.660663064505,155.855515994341
-156.593956373824,596.687860881998
-156.527249683143,215.914995854428
-156.460542992462,551.5043133063
-156.393836301781,214.998708807978
-156.3271296111,411.599910353081
-156.260422920419,323.250073706562
-156.193716229738,117.662042898363
-156.127009539057,141.691920713451
-156.060302848376,546.242768457404
-155.993596157694,460.857652920988
-155.926889467013,211.941675968769
-155.860182776332,300.594637564095
-155.793476085651,522.623112972837
-155.72676939497,614.820449984995
-155.660062704289,65.0602870869172
-155.593356013608,138.539517475019
-155.526649322927,689.576831316463
-155.459942632246,651.394373772396
-155.393235941565,116.016749109068
-155.326529250884,573.881698390661
-155.259822560203,571.547738579913
-155.193115869522,877.761592473792
-155.126409178841,526.713335513663
-155.059702488159,246.473164678297
-154.992995797478,490.738932634698
-154.926289106797,880.67021612097
-154.859582416116,896.946252764482
-154.792875725435,276.292263385219
-154.726169034754,467.081238005928
-154.659462344073,454.978784489808
-154.592755653392,714.577175480409
-154.526048962711,748.585546409989
-154.45934227203,227.428767361801
-154.392635581349,176.391277970185
-154.325928890668,907.706687357891
-154.259222199987,767.01851148272
-154.192515509305,855.068385635252
-154.125808818624,273.493129616306
-154.059102127943,343.944126346257
-153.992395437262,746.818774117414
-153.925688746581,533.454678695598
-153.8589820559,722.505482836425
-153.792275365219,120.405071717315
-153.725568674538,523.259435215357
-153.658861983857,703.320477483804
-153.592155293176,415.576859016238
-153.525448602495,504.598727762092
-153.458741911814,324.117843186999
-153.392035221133,322.905366883005
-153.325328530451,919.172751841311
-153.25862183977,420.734521902839
-153.191915149089,471.088379628242
-153.125208458408,512.092935569814
-153.058501767727,718.996756580901
-152.991795077046,887.311863791691
-152.925088386365,415.837121255493
-152.858381695684,111.662639919364
-152.791675005003,430.576132502504
-152.724968314322,1051.65217223077
-152.658261623641,412.630244047342
-152.59155493296,136.39767498698
-152.524848242279,321.835433079066
-152.458141551598,554.150632550136
-152.391434860916,354.231082363859
-152.324728170235,472.965178024047
-152.258021479554,310.104252495092
-152.191314788873,562.478695706542
-152.124608098192,546.450486161308
-152.057901407511,467.8575267904
-151.99119471683,546.126809131285
-151.924488026149,509.148637170234
-151.857781335468,670.323412858353
-151.791074644787,789.61456260129
-151.724367954106,635.089993140088
-151.657661263425,494.52225064765
-151.590954572744,969.109886217672
-151.524247882062,1120.91724381447
-151.457541191381,712.738368095501
-151.3908345007,591.80429613823
-151.324127810019,767.164341285502
-151.257421119338,1321.3502178248
-151.190714428657,893.269778693242
-151.124007737976,413.051479661591
-151.057301047295,599.04086131135
-150.990594356614,1089.47061236187
-150.923887665933,692.820255273701
-150.857180975252,299.615904259189
-150.790474284571,685.713288561954
-150.72376759389,559.509574443307
-150.657060903208,840.762664148486
-150.590354212527,176.566484056617
-150.523647521846,729.647623639056
-150.456940831165,853.268081976639
-150.390234140484,207.135650355228
-150.323527449803,508.386432851992
-150.256820759122,639.560727120475
-150.190114068441,577.361992966626
-150.12340737776,278.499570024954
-150.056700687079,291.38164218452
-149.989993996398,577.887628574167
-149.923287305717,485.313127421088
-149.856580615036,480.925155998081
-149.789873924355,142.717959106167
-149.723167233673,373.364610417895
-149.656460542992,218.220004147795
-149.589753852311,468.473414396139
-149.52304716163,483.27875067455
-149.456340470949,205.48637914724
-149.389633780268,175.970376459507
-149.322927089587,17.4352979881176
-149.256220398906,397.020598437446
-149.189513708225,306.249914344254
-149.122807017544,261.156079115571
-149.056100326863,233.655431912283
-148.989393636182,392.535372088852
-148.922686945501,103.624024219544
-148.855980254819,285.563171790392
-148.789273564138,287.261883922961
-148.722566873457,687.774160627512
-148.655860182776,465.562796903494
-148.589153492095,164.642864129787
-148.522446801414,321.392404651592
-148.455740110733,688.29523920599
-148.389033420052,999.160293463955
-148.322326729371,564.335095623751
-148.25562003869,275.53186273505
-148.188913348009,406.253951428624
-148.122206657328,961.886902121831
-148.055499966647,1163.30730507549
-147.988793275965,357.000428622077
-147.922086585284,403.529184457181
-147.855379894603,744.967748796318
-147.788673203922,1076.40162764399
-147.721966513241,814.563917368782
-147.65525982256,23.305343593086
-147.588553131879,467.089356369663
-147.521846441198,604.756562631199
-147.455139750517,811.218159969703
-147.388433059836,584.838328257677
-147.321726369155,440.74349835508
-147.255019678474,187.725204986033
-147.188312987793,580.5755006135
-147.121606297111,679.55704104987
-147.05489960643,711.609560204503
-146.988192915749,737.210606296492
-146.921486225068,430.604038658145
-146.854779534387,965.137425924856
-146.788072843706,521.63878106476
-146.721366153025,867.343370380527
-146.654659462344,1019.89142632721
-146.587952771663,652.405823880741
-146.521246080982,700.372568151884
-146.454539390301,532.922986942054
-146.38783269962,893.101139457273
-146.321126008939,1233.07153665905
-146.254419318258,380.054260404803
-146.187712627576,346.177622253202
-146.121005936895,386.593287768788
-146.054299246214,849.220321193451
-145.987592555533,314.11602680261
-145.920885864852,374.228952509996
-145.854179174171,283.329234092515
-145.78747248349,409.223921365385
-145.720765792809,664.498603851404
-145.654059102128,194.681466662271
-145.587352411447,287.293072667228
-145.520645720766,391.019326050143
-145.453939030085,368.707366024072
-145.387232339404,369.612596152439
-145.320525648722,286.820718685972
-145.253818958041,425.510844859364
-145.18711226736,453.432762675954
-145.120405576679,200.907761186879
-145.053698885998,472.860454369897
-144.986992195317,86.2881772204464
-144.920285504636,450.93879849312
-144.853578813955,378.889150328878
-144.786872123274,342.192978858416
-144.720165432593,531.298774065055
-144.653458741912,328.408728048814
-144.586752051231,408.144422043913
-144.52004536055,288.003129169482
-144.453338669868,344.443977950723
-144.386631979187,155.219210184007
-144.319925288506,205.853368816012
-144.253218597825,289.666257163881
-144.186511907144,321.514922249289
-144.119805216463,171.029387741752
-144.053098525782,183.769460358825
-143.986391835101,440.00939209046
-143.91968514442,153.196258486689
-143.852978453739,667.800533038372
-143.786271763058,76.7798532828253
-143.719565072377,812.635384333999
-143.652858381696,576.132719839989
-143.586151691015,98.3902421064739
-143.519445000333,689.150853272934
-143.452738309652,142.307231062015
-143.386031618971,441.377591307421
-143.31932492829,259.08183881641
-143.252618237609,289.342911464497
-143.185911546928,557.211259647519
-143.119204856247,255.691516093619
-143.052498165566,55.5827685519513
-142.985791474885,191.562905839346
-142.919084784204,422.871092429364
-142.852378093523,148.15793616568
-142.785671402842,231.557542139419
-142.718964712161,321.787135894747
-142.652258021479,496.099756496246
-142.585551330798,114.106793467276
-142.518844640117,83.6405327769905
-142.452137949436,131.710229299811
-142.385431258755,317.875952393421
-142.318724568074,661.772779124903
-142.252017877393,359.43847964801
-142.185311186712,481.271880508228
-142.118604496031,353.901600721857
-142.05189780535,233.28543637751
-141.985191114669,933.577710729276
-141.918484423988,517.988565226122
-141.851777733307,318.598047598728
-141.785071042625,873.828833783578
-141.718364351944,99.2654958930679
-141.651657661263,799.034999272787
-141.584950970582,393.364401919234
-141.518244279901,418.951193207277
-141.45153758922,1019.18516004193
-141.384830898539,456.568316214365
-141.318124207858,332.684770819066
-141.251417517177,135.983725535394
-141.184710826496,549.332430898557
-141.118004135815,879.218403693835
-141.051297445134,497.86508682636
-140.984590754453,222.033908358458
-140.917884063772,389.367306474133
-140.85117737309,634.986176208741
-140.784470682409,858.191636196169
-140.717763991728,141.825523258123
-140.651057301047,104.029544897668
-140.584350610366,110.927258786102
-140.517643919685,300.432342826745
-140.450937229004,586.566809714247
-140.384230538323,150.333279736758
-140.317523847642,216.418425948944
-140.250817156961,223.376106836613
-140.18411046628,439.021153704419
-140.117403775599,364.353417484157
-140.050697084918,191.308585557296
-139.983990394236,113.372511591885
-139.917283703555,415.998792149789
-139.850577012874,397.584339561775
-139.783870322193,471.647435366578
-139.717163631512,189.561590489346
-139.650456940831,338.726610230844
-139.58375025015,401.275655984331
-139.517043559469,627.789874979496
-139.450336868788,339.382357157094
-139.383630178107,259.912327738099
-139.316923487426,364.265422484116
-139.250216796745,449.020210992367
-139.183510106064,661.284684993048
-139.116803415382,260.96291894704
-139.050096724701,45.515712459745
-138.98339003402,184.713821646619
-138.916683343339,967.489388399329
-138.849976652658,511.607959028397
-138.783269961977,395.676558595398
-138.716563271296,54.2903358662707
-138.649856580615,415.166164316467
-138.583149889934,540.353842055217
-138.516443199253,161.316588822025
-138.449736508572,437.998846129417
-138.383029817891,255.35243721152
-138.31632312721,275.851247621107
-138.249616436528,112.846769931586
-138.182909745847,115.605920952967
-138.116203055166,333.18964421633
-138.049496364485,407.320340820167
-137.982789673804,387.478915231185
-137.916082983123,83.5682900444824
-137.849376292442,149.627785843628
-137.782669601761,370.283821915422
-137.71596291108,594.223781508349
-137.649256220399,382.81920864741
-137.582549529718,187.902199354648
-137.515842839037,365.11012967417
-137.449136148356,731.741040670253
-137.382429457675,746.334255467479
-137.315722766993,216.797204346939
-137.249016076312,608.857639869826
-137.182309385631,817.043419995533
-137.11560269495,725.761710673951
-137.048896004269,711.614335754189
-136.982189313588,681.163281317643
-136.915482622907,729.55882776423
-136.848775932226,658.620551504273
-136.782069241545,662.988401877147
-136.715362550864,702.095288315575
-136.648655860183,210.45522452436
-136.581949169502,555.005838883403
-136.515242478821,242.75282105596
-136.448535788139,531.157514040632
-136.381829097458,673.806900823997
-136.315122406777,513.496636409745
-136.248415716096,343.482490648679
-136.181709025415,255.81176744213
-136.115002334734,468.976396615206
-136.048295644053,601.152566881954
-135.981588953372,595.268397921428
-135.914882262691,239.2799778063
-135.84817557201,429.471566321087
-135.781468881329,120.356606547959
-135.714762190648,234.15604053469
-135.648055499967,534.140658099456
-135.581348809285,655.036926228702
-135.514642118604,581.665773802987
-135.447935427923,267.294537062049
-135.381228737242,528.899829300253
-135.314522046561,519.276173195832
-135.24781535588,687.806023496709
-135.181108665199,678.355880168543
-135.114401974518,183.53895595276
-135.047695283837,1088.75243337948
-134.980988593156,213.192552338168
-134.914281902475,600.197022977223
-134.847575211794,691.587648941487
-134.780868521113,435.636692708038
-134.714161830431,989.509469032598
-134.64745513975,543.266472177015
-134.580748449069,878.467611677478
-134.514041758388,652.445873647411
-134.447335067707,669.576237502985
-134.380628377026,809.218975799861
-134.313921686345,850.472620637576
-134.247214995664,490.872751628746
-134.180508304983,422.252541225412
-134.113801614302,805.504706636382
-134.047094923621,908.700279560379
-133.98038823294,517.578314402319
-133.913681542259,56.1957353756517
-133.846974851578,525.550866438119
-133.780268160896,600.863679205818
-133.713561470215,461.4115715652
-133.646854779534,404.724378901479
-133.580148088853,695.364712891487
-133.513441398172,772.780980688468
-133.446734707491,695.014468287219
-133.38002801681,425.572331896413
-133.313321326129,589.177850520129
-133.246614635448,1062.89075089724
-133.179907944767,1110.06153531131
-133.113201254086,686.667668767646
-133.046494563405,178.277084638988
-132.979787872724,1135.19258226437
-132.913081182042,1194.5009537835
-132.846374491361,1463.03927635158
-132.77966780068,566.090991427525
-132.712961109999,697.542113925361
-132.646254419318,844.82959051873
-132.579547728637,1046.68934719509
-132.512841037956,867.907690731357
-132.446134347275,170.407963099422
-132.379427656594,488.044128097771
-132.312720965913,177.130602221296
-132.246014275232,605.713784877459
-132.179307584551,719.803270201153
-132.11260089387,267.112187122018
-132.045894203188,688.873813995583
-131.979187512507,724.977426959687
-131.912480821826,741.669359569854
-131.845774131145,852.896834665697
-131.779067440464,440.269702683863
-131.712360749783,883.27961152833
-131.645654059102,786.936040531746
-131.578947368421,397.981880171113
-131.51224067774,476.363059086924
-131.445533987059,248.392150947903
-131.378827296378,1111.24450375532
-131.312120605697,590.842697391712
-131.245413915016,287.698006919693
-131.178707224335,192.366263049945
-131.112000533653,230.348995256397
-131.045293842972,551.506313553649
-130.978587152291,649.605203645765
-130.91188046161,673.137458705494
-130.845173770929,375.743145008235
-130.778467080248,390.954286050749
-130.711760389567,88.1799463498679
-130.645053698886,528.47719505393
-130.578347008205,637.549334305126
-130.511640317524,358.390693973653
-130.444933626843,71.3074896231556
-130.378226936162,315.09951626206
-130.311520245481,229.702568478158
-130.244813554799,336.213399856712
-130.178106864118,496.136068638998
-130.111400173437,343.539180338205
-130.044693482756,728.604041271766
-129.977986792075,299.559643395344
-129.911280101394,150.34490800596
-129.844573410713,537.486862041655
-129.777866720032,504.35167899792
-129.711160029351,462.494313736347
-129.64445333867,530.020863116375
-129.577746647989,93.7911025713925
-129.511039957308,197.970826219836
-129.444333266627,320.481628817045
-129.377626575945,259.108484686504
-129.310919885264,293.568853626385
-129.244213194583,48.9315031703119
-129.177506503902,47.1569747423552
-129.110799813221,736.67741379166
-129.04409312254,362.58940942535
-128.977386431859,404.219576864807
-128.910679741178,294.782822625476
-128.843973050497,162.429685117961
-128.777266359816,833.823258696074
-128.710559669135,410.325786432204
-128.643852978454,109.166534461074
-128.577146287773,121.024953697531
-128.510439597092,388.587086833756
-128.44373290641,767.290810716269
-128.377026215729,223.937104705733
-128.310319525048,575.065235712456
-128.243612834367,388.518026024353
-128.176906143686,637.5766783288
-128.110199453005,652.021464975687
-128.043492762324,91.5508410432335
-127.976786071643,221.058313514248
-127.910079380962,392.559074921002
-127.843372690281,303.212762661158
-127.7766659996,926.952740775977
-127.709959308919,326.138170128454
-127.643252618238,317.637903552071
-127.576545927556,258.546296755776
-127.509839236875,351.593748197689
-127.443132546194,449.584912878742
-127.376425855513,144.637247742454
-127.309719164832,506.602955236845
-127.243012474151,735.14421078174
-127.17630578347,455.713190254431
-127.109599092789,360.271952835055
-127.042892402108,230.324057034222
-126.976185711427,562.661896119093
-126.909479020746,730.708198766502
-126.842772330065,454.36430478508
-126.776065639384,536.398623833201
-126.709358948702,407.376523061868
-126.642652258021,175.101575041533
-126.57594556734,117.158235364975
-126.509238876659,813.253226496529
-126.442532185978,795.106148994601
-126.375825495297,103.719094517409
-126.309118804616,391.745348396734
-126.242412113935,130.039337976346
-126.175705423254,746.536654875204
-126.108998732573,342.733508604793
-126.042292041892,438.101310878468
-125.975585351211,423.112176735343
-125.90887866053,196.993664256924
-125.842171969848,50.1411186923185
-125.775465279167,909.08831907615
-125.708758588486,655.913179142128
-125.642051897805,190.975811040692
-125.575345207124,142.886956305437
-125.508638516443,89.0757873208721
-125.441931825762,658.067225917674
-125.375225135081,201.728839516689
-125.3085184444,317.908766463907
-125.241811753719,407.937327076862
-125.175105063038,476.229062350128
-125.108398372357,563.986159342826
-125.041691681676,559.121292039992
-124.974984990995,404.637198535341
-124.908278300313,339.609457780299
-124.841571609632,636.558490479688
-124.774864918951,452.043388924705
-124.70815822827,442.567579066473
-124.641451537589,546.416645575622
-124.574744846908,395.312445915181
-124.508038156227,163.504263004702
-124.441331465546,653.073781543298
-124.374624774865,212.01661569615
-124.307918084184,592.226260239158
-124.241211393503,470.110772138623
-124.174504702822,256.666109191219
-124.107798012141,712.156886050389
-124.041091321459,187.440111330411
-123.974384630778,194.531135148085
-123.907677940097,464.978239495941
-123.840971249416,213.027247150424
-123.774264558735,281.450805891332
-123.707557868054,564.505692950624
-123.640851177373,505.522268968821
-123.574144486692,235.630815837929
-123.507437796011,237.312432277766
-123.44073110533,355.376377900056
-123.374024414649,602.762791203648
-123.307317723968,357.482018761833
-123.240611033287,477.243764323357
-123.173904342605,429.247486858503
-123.107197651924,877.250862641101
-123.040490961243,868.449892194036
-122.973784270562,506.476347087689
-122.907077579881,832.83210340264
-122.8403708892,664.123948611911
-122.773664198519,957.292927086806
-122.706957507838,543.230177287246
-122.640250817157,856.236381378854
-122.573544126476,301.01777374983
-122.506837435795,1007.35968807996
-122.440130745114,1058.73782220253
-122.373424054433,301.251966255666
-122.306717363752,566.124848580469
-122.24001067307,395.220665589062
-122.173303982389,642.213433020506
-122.106597291708,666.958192185984
-122.039890601027,578.259941420389
-121.973183910346,559.13874367333
-121.906477219665,281.64155033966
-121.839770528984,428.29458241841
-121.773063838303,338.750241505567
-121.706357147622,922.731957322056
-121.639650456941,432.351895366247
-121.57294376626,510.972017427859
-121.506237075579,918.764133939768
-121.439530384898,404.272419147398
-121.372823694216,778.404802346528
-121.306117003535,298.548772526659
-121.239410312854,1303.52799933055
-121.172703622173,688.261015269125
-121.105996931492,700.916240057163
-121.039290240811,326.153857571349
-120.97258355013,281.024038718771
-120.905876859449,1246.68104505468
-120.839170168768,249.830802821845
-120.772463478087,958.696975239346
-120.705756787406,183.788096554467
-120.639050096725,194.473097120654
-120.572343406044,584.137224931952
-120.505636715362,250.762048583061
-120.438930024681,623.06408812222
-120.372223334,358.502721973774
-120.305516643319,123.214734755357
-120.238809952638,136.942883767498
-120.172103261957,301.590318239884
-120.105396571276,217.92501388225
-120.038689880595,416.436023773251
-119.971983189914,75.2821936015755
-119.905276499233,71.5858783217982
-119.838569808552,412.954806914779
-119.771863117871,526.22559151666
-119.70515642719,333.31093072896
-119.638449736508,391.173001642314
-119.571743045827,499.971727959425
-119.505036355146,516.156504946008
-119.438329664465,348.549137960742
-119.371622973784,601.007018758428
-119.304916283103,180.968406083318
-119.238209592422,334.097992054838
-119.171502901741,1013.22517604646
-119.10479621106,479.229489867301
-119.038089520379,445.737650961585
-118.971382829698,492.274730163895
-118.904676139017,532.760959202924
-118.837969448336,1148.03022888243
-118.771262757655,707.576388441718
-118.704556066973,377.691761774054
-118.637849376292,777.942348103462
-118.571142685611,724.515096675611
-118.50443599493,328.257569031826
-118.437729304249,303.836454684169
-118.371022613568,449.378846285631
-118.304315922887,499.809382647479
-118.237609232206,437.863574355603
-118.170902541525,386.348001437079
-118.104195850844,104.465138394552
-118.037489160163,581.627979741089
-117.970782469482,323.893270316796
-117.904075778801,293.822801646353
-117.837369088119,151.212247766555
-117.770662397438,620.279503053848
-117.703955706757,625.251588105082
-117.637249016076,465.429490842476
-117.570542325395,161.556962927194
-117.503835634714,495.429327979689
-117.437128944033,523.924536211824
-117.370422253352,489.252109955353
-117.303715562671,453.314684758131
-117.23700887199,65.8937468193458
-117.170302181309,70.3070660601118
-117.103595490628,301.880202962027
-117.036888799947,475.984331414095
-116.970182109265,332.733334637147
-116.903475418584,420.835096705026
-116.836768727903,429.280128488699
-116.770062037222,318.943961479077
-116.703355346541,240.560224142357
-116.63664865586,401.34090209626
-116.569941965179,547.552293341919
-116.503235274498,44.3943392270586
-116.436528583817,424.001925888158
-116.369821893136,395.750905897541
-116.303115202455,579.232401125949
-116.236408511774,461.033326081217
-116.169701821093,741.259667574109
-116.102995130412,842.643153666073
-116.03628843973,587.190946953151
-115.969581749049,281.543536679392
-115.902875058368,391.074670463848
-115.836168367687,918.670444047863
-115.769461677006,674.441244865535
-115.702754986325,142.219232465044
-115.636048295644,268.869713289331
-115.569341604963,618.500263695601
-115.502634914282,715.491776328007
-115.435928223601,178.409380532123
-115.36922153292,163.099251646672
-115.302514842239,228.232622362035
-115.235808151558,753.875232307285
-115.169101460876,32.434436726819
-115.102394770195,236.042537556273
-115.035688079514,40.0548849661796
-114.968981388833,341.490135043899
-114.902274698152,494.241851591535
-114.835568007471,550.811055606614
-114.76886131679,276.782471188017
-114.702154626109,386.717351340804
-114.635447935428,952.997847193783
-114.568741244747,314.168193382881
-114.502034554066,391.574992564812
-114.435327863385,267.673158744289
-114.368621172704,677.911053930262
-114.301914482022,1175.05339018197
-114.235207791341,239.288039603385
-114.16850110066,463.572085303974
-114.101794409979,320.848197827973
-114.035087719298,827.458788427856
-113.968381028617,567.560463052606
-113.901674337936,453.108651522417
-113.834967647255,305.746469009574
-113.768260956574,98.4945939680389
-113.701554265893,485.140253214112
-113.634847575212,560.25935241502
-113.568140884531,252.407455777828
-113.50143419385,102.659608281936
-113.434727503168,125.467165979294
-113.368020812487,302.617769146666
-113.301314121806,184.238961181114
-113.234607431125,487.10618573144
-113.167900740444,35.6823355260001
-113.101194049763,288.429215903005
-113.034487359082,112.395516770163
-112.967780668401,311.233126485087
-112.90107397772,218.203685909731
-112.834367287039,404.002420002827
-112.767660596358,566.323166970993
-112.700953905677,137.203368475674
-112.634247214996,400.79001464927
-112.567540524315,456.926464194205
-112.500833833633,518.408436553259
-112.434127142952,448.612391387395
-112.367420452271,255.381863903198
-112.30071376159,336.663319758227
-112.234007070909,707.887014431662
-112.167300380228,392.507537431882
-112.100593689547,504.536882694914
-112.033886998866,266.904483882851
-111.967180308185,577.500756227595
-111.900473617504,827.837054769293
-111.833766926823,281.100728916015
-111.767060236142,350.316165651569
-111.700353545461,549.918495178636
-111.633646854779,609.658899486252
-111.566940164098,550.881162678489
-111.500233473417,95.6731890016119
-111.433526782736,247.368930791732
-111.366820092055,632.628009036898
-111.300113401374,304.996040863552
-111.233406710693,429.00000499768
-111.166700020012,333.403114536314
-111.099993329331,341.753129179103
-111.03328663865,495.822681234089
-110.966579947969,247.303355045986
-110.899873257288,188.943699993565
-110.833166566607,983.759154458131
-110.766459875925,383.436570719607
-110.699753185244,571.905050494807
-110.633046494563,482.605746635582
-110.566339803882,156.657154351282
-110.499633113201,326.606737739063
-110.43292642252,933.279298594057
-110.366219731839,285.191732020134
-110.299513041158,451.584092732099
-110.232806350477,651.828066743293
-110.166099659796,543.156590336096
-110.099392969115,676.429730893208
-110.032686278434,422.78740867228
-109.965979587753,536.421631370747
-109.899272897071,891.106644804204
-109.83256620639,475.510899383469
-109.765859515709,476.519598400152
-109.699152825028,659.887416636427
-109.632446134347,682.439730301471
-109.565739443666,435.502918587952
-109.499032752985,630.085331634234
-109.432326062304,811.180404898083
-109.365619371623,427.436780259606
-109.298912680942,75.8069199482717
-109.232205990261,179.989832958501
-109.16549929958,542.691634501782
-109.098792608899,537.992847492923
-109.032085918218,664.771264433142
-108.965379227536,184.130685453421
-108.898672536855,414.249919230241
-108.831965846174,615.138380712829
-108.765259155493,303.667670773024
-108.698552464812,1167.75625714799
-108.631845774131,399.113095827119
-108.56513908345,820.865551070855
-108.498432392769,277.621403096697
-108.431725702088,1135.6468366089
-108.365019011407,825.395902874657
-108.298312320726,19.4681763436101
-108.231605630045,208.531039718143
-108.164898939364,471.453650003387
-108.098192248682,641.428410430857
-108.031485558001,912.482047078953
-107.96477886732,306.991717520442
-107.898072176639,337.1526373143
-107.831365485958,753.408256179806
-107.764658795277,799.44298806433
-107.697952104596,638.408810225623
-107.631245413915,540.001050289288
-107.564538723234,355.998006762093
-107.497832032553,779.969835994978
-107.431125341872,354.459542990785
-107.364418651191,727.173152680409
-107.29771196051,336.395474786542
-107.231005269828,401.740356579853
-107.164298579147,364.934154265391
-107.097591888466,443.1646321977
-107.030885197785,876.267033667778
-106.964178507104,741.429065668352
-106.897471816423,400.744761588169
-106.830765125742,372.166597751445
-106.764058435061,577.644362561477
-106.69735174438,855.886963742234
-106.630645053699,461.470724130799
-106.563938363018,596.948340168766
-106.497231672337,279.387285249045
-106.430524981656,622.749002601227
-106.363818290975,582.749134932833
-106.297111600293,328.916438200517
-106.230404909612,603.715863717202
-106.163698218931,212.636031161454
-106.09699152825,421.262148625649
-106.030284837569,641.510971869904
-105.963578146888,427.633959989638
-105.896871456207,647.305000420714
-105.830164765526,305.729182377746
-105.763458074845,164.422358337303
-105.696751384164,411.660030108686
-105.630044693483,552.174784653606
-105.563338002802,297.197619112081
-105.496631312121,135.122439333333
-105.429924621439,338.667676615871
-105.363217930758,273.691476032787
-105.296511240077,682.23159507407
-105.229804549396,39.8317894402515
-105.163097858715,346.27146334148
-105.096391168034,148.444463655568
-105.029684477353,497.789019290459
-104.962977786672,615.099675312314
-104.896271095991,297.259984029005
-104.82956440531,441.859209629728
-104.762857714629,437.462255054026
-104.696151023948,375.915801992455
-104.629444333267,392.78376304229
-104.562737642585,707.893205689846
-104.496030951904,212.444143970436
-104.429324261223,270.295878772092
-104.362617570542,508.63308827377
-104.295910879861,517.895434693065
-104.22920418918,485.984674308334
-104.162497498499,208.380190351231
-104.095790807818,164.55095518597
-104.029084117137,819.941285878659
-103.962377426456,581.838838120116
-103.895670735775,405.341863806456
-103.828964045094,385.329922129993
-103.762257354413,300.705101250266
-103.695550663731,884.917880847015
-103.62884397305,37.1655325360534
-103.562137282369,657.244325488174
-103.495430591688,910.290672032114
-103.428723901007,583.631216055376
-103.362017210326,272.703950581626
-103.295310519645,409.310984424369
-103.228603828964,491.603461284683
-103.161897138283,674.793143863371
-103.095190447602,86.0715805816019
-103.028483756921,298.560531521996
-102.96177706624,550.431582677404
-102.895070375559,284.777946619697
-102.828363684878,140.59898024722
-102.761656994196,499.84576404514
-102.694950303515,533.191549114386
-102.628243612834,446.196159231307
-102.561536922153,94.8803910879817
-102.494830231472,411.871665157275
-102.428123540791,485.748647876162
-102.36141685011,625.56934808405
-102.294710159429,290.347920286267
-102.228003468748,91.0911944819061
-102.161296778067,706.903095298507
-102.094590087386,479.745026813174
-102.027883396705,137.622083927715
-101.961176706024,468.55633966582
-101.894470015342,639.285061534685
-101.827763324661,719.669507681236
-101.76105663398,370.324065894402
-101.694349943299,410.160026835623
-101.627643252618,652.553013652953
-101.560936561937,580.233004279011
-101.494229871256,262.977072771147
-101.427523180575,411.11764443012
-101.360816489894,673.505713729818
-101.294109799213,453.705418053893
-101.227403108532,192.051718572785
-101.160696417851,251.140191140276
-101.09398972717,852.308226655245
-101.027283036488,891.165863443164
-100.960576345807,633.948803312925
-100.893869655126,676.463716269086
-100.827162964445,727.707723719203
-100.760456273764,703.357454564426
-100.693749583083,613.112061193655
-100.627042892402,1165.820533801
-100.560336201721,946.205620757146
-100.49362951104,615.432911263538
-100.426922820359,246.213820886288
-100.360216129678,588.099800699251
-100.293509438997,1360.72764789983
-100.226802748316,577.620426526645
-100.160096057635,255.228602066921
-100.093389366953,263.703582476019
-100.026682676272,389.427316944469
-99.9599759855913,768.597832694498
-99.8932692949102,147.444136169301
-99.8265626042291,251.043995966887
-99.7598559135481,712.498590920673
-99.693149222867,37.9537266132817
-99.6264425321859,518.020563484626
-99.5597358415048,92.1696062911024
-99.4930291508238,498.850696600773
-99.4263224601427,534.668482891928
-99.3596157694616,542.318562303888
-99.2929090787805,649.21268289558
-99.2262023880995,297.686239191146
-99.1594956974184,541.153476283812
-99.0927890067373,772.83077761179
-99.0260823160562,933.339037758548
-98.9593756253752,205.733343703998
-98.8926689346941,419.700608898389
-98.825962244013,267.273498742024
-98.7592555533319,872.998970782302
-98.6925488626509,429.4595154751
-98.6258421719698,371.267834237804
-98.5591354812887,171.480527276086
-98.4924287906076,270.489489455806
-98.4257220999266,167.038720523187
-98.3590154092455,443.765160547814
-98.2923087185644,413.224208030205
-98.2256020278833,602.139380422761
-98.1588953372023,243.939527908621
-98.0921886465212,401.658588364487
-98.0254819558401,199.574421087447
-97.958775265159,484.122389310208
-97.8920685744779,965.637305211898
-97.8253618837969,414.035856378108
-97.7586551931158,431.313564540147
-97.6919485024347,432.664532967853
-97.6252418117537,455.20966392808
-97.5585351210726,819.188860619051
-97.4918284303915,493.674223730236
-97.4251217397104,945.517903655336
-97.3584150490293,544.542825170658
-97.2917083583483,768.812693804382
-97.2250016676672,546.939522957795
-97.1582949769861,683.060345254103
-97.0915882863051,962.958746963118
-97.024881595624,925.325715227185
-96.9581749049429,901.83909374754
-96.8914682142618,665.52286783969
-96.8247615235807,341.137709845434
-96.7580548328997,452.354939410308
-96.6913481422186,837.849257752889
-96.6246414515375,857.545910078416
-96.5579347608564,497.813976588405
-96.4912280701754,744.370503965062
-96.4245213794943,862.591417069135
-96.3578146888132,606.455733887666
-96.2911079981321,745.021013939197
-96.2244013074511,376.422562015624
-96.15769461677,886.520801528826
-96.0909879260889,310.247357635532
-96.0242812354078,370.570875965746
-95.9575745447268,705.195582525683
-95.8908678540457,156.593783071
-95.8241611633646,572.329673465027
-95.7574544726835,649.667934049671
-95.6907477820025,569.008983892169
-95.6240410913214,365.817961543193
-95.5573344006403,508.246752993285
-95.4906277099592,653.266693184674
-95.4239210192782,311.199495614231
-95.3572143285971,560.188440956782
-95.290507637916,98.6475820837543
-95.2238009472349,619.070564699072
-95.1570942565539,458.178041169271
-95.0903875658728,273.177779292736
-95.0236808751917,662.671178902492
-94.9569741845106,206.477970306081
-94.8902674938296,152.265144105886
-94.8235608031485,102.40726323585
-94.7568541124674,530.741956559039
-94.6901474217863,731.791634062275
-94.6234407311053,487.537542917119
-94.5567340404242,250.850001731713
-94.4900273497431,331.93355866088
-94.423320659062,559.354347523295
-94.356613968381,650.738886614349
-94.2899072776999,629.21410853335
-94.2232005870188,228.124959450607
-94.1564938963377,511.846894465289
-94.0897872056567,271.02878838381
-94.0230805149756,876.302113201168
-93.9563738242945,777.989031763676
-93.8896671336134,294.463694359865
-93.8229604429324,350.672416762439
-93.7562537522513,710.536394218984
-93.6895470615702,727.236230466978
-93.6228403708891,857.778910369242
-93.5561336802081,807.977659277494
-93.489426989527,274.135254409352
-93.4227202988459,943.713628479307
-93.3560136081648,322.217972183039
-93.2893069174838,371.210523705604
-93.2226002268027,794.311126254978
-93.1558935361216,469.829469305275
-93.0891868454405,1085.1542594591
-93.0224801547594,405.825462363477
-92.9557734640784,243.345658401076
-92.8890667733973,540.847341696175
-92.8223600827162,620.045371509513
-92.7556533920352,874.354149717245
-92.6889467013541,250.949116767259
-92.622240010673,320.036606602845
-92.5555333199919,64.1675667670356
-92.4888266293109,576.765637009507
-92.4221199386298,774.188684332505
-92.3554132479487,132.668290402732
-92.2887065572676,690.973453184311
-92.2219998665866,336.472361911255
-92.1552931759055,911.063910707524
-92.0885864852244,938.24948377801
-92.0218797945433,153.53229658192
-91.9551731038623,416.344124635155
-91.8884664131812,515.838445087151
-91.8217597225001,1039.38199664544
-91.755053031819,531.003202927146
-91.688346341138,143.25231403083
-91.6216396504569,198.407146138824
-91.5549329597758,300.46985590741
-91.4882262690947,469.580474194253
-91.4215195784137,607.898811501888
-91.3548128877326,234.277742685285
-91.2881061970515,477.071973753906
-91.2213995063704,327.687599184583
-91.1546928156893,64.9434819879811
-91.0879861250083,75.8083485689552
-91.0212794343272,607.664753494483
-90.9545727436461,650.112718693114
-90.8878660529651,747.966175729826
-90.821159362284,198.124710881854
-90.7544526716029,177.342933653414
-90.6877459809218,944.134871290092
-90.6210392902407,258.492681964269
-90.5543325995597,471.468488005157
-90.4876259088786,318.674052599242
-90.4209192181975,516.048784950356
-90.3542125275165,566.924626912888
-90.2875058368354,616.578004277513
-90.2207991461543,155.128327877887
-90.1540924554732,271.409059473326
-90.0873857647921,349.446233305994
-90.0206790741111,385.461567462366
-89.95397238343,221.820301584668
-89.8872656927489,610.301203260327
-89.8205590020678,495.857481582887
-89.7538523113868,160.467319071448
-89.6871456207057,414.119029673831
-89.6204389300246,661.631727129547
-89.5537322393435,835.330316348165
-89.4870255486625,449.272486041271
-89.4203188579814,279.763518841511
-89.3536121673003,202.507372715546
-89.2869054766192,847.13359768939
-89.2201987859382,98.6717095908539
-89.1534920952571,129.900428243048
-89.086785404576,303.615363453209
-89.0200787138949,272.17832509243
-88.9533720232139,347.290553172696
-88.8866653325328,525.65775656113
-88.8199586418517,159.15992643581
-88.7532519511706,136.403790937423
-88.6865452604896,365.283436718061
-88.6198385698085,86.7858446458628
-88.5531318791274,520.35042167028
-88.4864251884463,225.390545353423
-88.4197184977653,138.53957738327
-88.3530118070842,533.288321660949
-88.2863051164031,81.8757517587893
-88.219598425722,319.742320255111
-88.152891735041,164.102368553231
-88.0861850443599,107.155597551265
-88.0194783536788,364.011218279779
-87.9527716629977,151.911414337581
-87.8860649723167,427.791396425357
-87.8193582816356,638.798936647052
-87.7526515909545,92.6641560085728
-87.6859449002734,684.646082474528
-87.6192382095924,253.853900472382
-87.5525315189113,694.173998479247
-87.4858248282302,615.532816764135
-87.4191181375491,411.67906751709
-87.3524114468681,453.748918900525
-87.285704756187,576.139252320074
-87.2189980655059,476.652792213115
-87.1522913748248,199.549749428973
-87.0855846841438,492.734473140943
-87.0188779934627,294.677921664319
-86.9521713027816,835.814826462987
-86.8854646121005,239.622599129113
-86.8187579214195,266.614498079424
-86.7520512307384,405.378338421538
-86.6853445400573,468.132516046928
-86.6186378493762,630.607344580824
-86.5519311586952,324.155603248495
-86.4852244680141,537.345200119129
-86.418517777333,289.388518379576
-86.3518110866519,524.157031523085
-86.2851043959709,272.570581141742
-86.2183977052898,320.495547826705
-86.1516910146087,526.99525063201
-86.0849843239276,113.616920667299
-86.0182776332466,439.671066753473
-85.9515709425655,536.302076112079
-85.8848642518844,214.892278578525
-85.8181575612033,394.371304355052
-85.7514508705222,462.504270848899
-85.6847441798412,82.9168848183899
-85.6180374891601,503.327978780699
-85.551330798479,235.585137289664
-85.484624107798,497.050216900804
-85.4179174171169,623.792022180599
-85.3512107264358,503.979216007876
-85.2845040357547,386.503051055304
-85.2177973450736,459.089570654303
-85.1510906543926,595.33016916768
-85.0843839637115,241.170862232901
-85.0176772730304,552.921620768763
-84.9509705823494,598.839351839352
-84.8842638916683,520.399612520631
-84.8175572009872,545.877792258409
-84.7508505103061,385.637544959914
-84.684143819625,606.070740590685
-84.617437128944,621.93193615048
-84.5507304382629,224.52124302445
-84.4840237475818,366.162107447819
-84.4173170569007,913.136237534552
-84.3506103662197,754.985375928533
-84.2839036755386,619.058826167225
-84.2171969848575,211.987942567044
-84.1504902941764,406.914137826939
-84.0837836034954,861.804204087632
-84.0170769128143,632.742768356566
-83.9503702221332,253.52210438233
-83.8836635314521,82.1177910406362
-83.8169568407711,580.570640410152
-83.75025015009,947.896375130454
-83.6835434594089,648.159805215907
-83.6168367687279,181.370378967714
-83.5501300780468,113.608027821742
-83.4834233873657,482.398108874155
-83.4167166966846,855.844012303962
-83.3500100060035,974.220245976966
-83.2833033153225,571.991745647785
-83.2165966246414,232.73619426859
-83.1498899339603,60.7328123943188
-83.0831832432792,1007.82934418785
-83.0164765525982,1200.67842043622
-82.9497698619171,188.345214800534
-82.883063171236,632.988103670635
-82.8163564805549,264.95254171946
-82.7496497898739,939.507720382187
-82.6829430991928,611.33185953438
-82.6162364085117,511.526793753148
-82.5495297178306,589.77403047476
-82.4828230271496,360.408698372705
-82.4161163364685,718.933720602758
-82.3494096457874,197.273298794673
-82.2827029551063,537.327846076042
-82.2159962644253,300.454122184673
-82.1492895737442,716.630754295893
-82.0825828830631,395.11696528191
-82.015876192382,439.774822505797
-81.949169501701,632.844606367873
-81.8824628110199,320.995158630595
-81.8157561203388,566.231212247056
-81.7490494296577,149.788082082677
-81.6823427389767,314.116111573515
-81.6156360482956,468.014988674415
-81.5489293576145,256.316551913483
-81.4822226669334,101.114522102763
-81.4155159762524,211.103754314376
-81.3488092855713,328.893910483106
-81.2821025948902,260.410034766854
-81.2153959042091,195.415200144765
-81.1486892135281,145.863837956376
-81.081982522847,748.082446235917
-81.0152758321659,345.517462709831
-80.9485691414848,167.076838798883
-80.8818624508038,558.770579681614
-80.8151557601227,167.57047096494
-80.7484490694416,523.454274269351
-80.6817423787605,342.368239323894
-80.6150356880795,402.114378770846
-80.5483289973984,280.661162195574
-80.4816223067173,435.836881016281
-80.4149156160362,223.379540986272
-80.3482089253552,285.485847219536
-80.2815022346741,28.6321854361269
-80.214795543993,574.536695325731
-80.1480888533119,297.845282304453
-80.0813821626309,402.868933420384
-80.0146754719498,76.6873594448867
-79.9479687812687,151.882271223473
-79.8812620905876,502.800678480076
-79.8145553999066,442.160947571978
-79.7478487092255,307.697460085623
-79.6811420185444,316.672023189521
-79.6144353278633,526.66544626307
-79.5477286371823,334.495432501911
-79.4810219465012,334.642803138204
-79.4143152558201,364.52915597149
-79.347608565139,273.837080186555
-79.280901874458,432.076186439147
-79.2141951837769,297.042991329017
-79.1474884930958,101.388050775487
-79.0807818024147,332.812822188311
-79.0140751117336,742.154430576392
-78.9473684210526,241.785048099659
-78.8806617303715,86.5653317375249
-78.8139550396904,322.287085907547
-78.7472483490094,544.734413430214
-78.6805416583283,822.06669280988
-78.6138349676472,850.899517596753
-78.5471282769661,205.000780113359
-78.480421586285,362.93296567602
-78.413714895604,388.385126397579
-78.3470082049229,941.750658747515
-78.2803015142418,1009.67424094357
-78.2135948235608,647.37747468755
-78.1468881328797,243.930735502341
-78.0801814421986,92.7944524840343
-78.0134747515175,423.904443788527
-77.9467680608364,920.459913160106
-77.8800613701554,608.800614730435
-77.8133546794743,325.034714793275
-77.7466479887932,110.228673741464
-77.6799412981121,69.1614304523051
-77.6132346074311,1042.42049157082
-77.54652791675,87.4208071616461
-77.4798212260689,413.372186645005
-77.4131145353878,192.669824509841
-77.3464078447068,583.35485400777
-77.2797011540257,734.910906296383
-77.2129944633446,413.273345097892
-77.1462877726635,272.227837432609
-77.0795810819825,580.430212421836
-77.0128743913014,583.897947480356
-76.9461677006203,573.813428664935
-76.8794610099392,560.272221081715
-76.8127543192582,532.220862090676
-76.7460476285771,411.4324508003
-76.679340937896,701.460359128739
-76.6126342472149,507.886744127688
-76.5459275565339,661.616819793934
-76.4792208658528,629.103919565283
-76.4125141751717,275.423368792359
-76.3458074844906,915.910253153762
-76.2791007938096,235.976648540322
-76.2123941031285,989.595700932595
-76.1456874124474,650.430299654454
-76.0789807217663,671.395899286625
-76.0122740310853,350.869119782706
-75.9455673404042,399.598662249896
-75.8788606497231,973.930643485927
-75.812153959042,803.221246278911
-75.745447268361,497.384437450402
-75.6787405776799,271.431352746387
-75.6120338869988,363.465258560534
-75.5453271963177,657.518245446399
-75.4786205056367,788.655259170169
-75.4119138149556,542.073302585392
-75.3452071242745,135.620791910324
-75.2785004335934,344.42113524721
-75.2117937429124,520.151031448334
-75.1450870522313,870.212786271395
-75.0783803615502,618.269242241462
-75.0116736708691,330.553176003151
-74.9449669801881,300.006763215939
-74.878260289507,546.143823746323
-74.8115535988259,416.251237498657
-74.7448469081448,281.166454090128
-74.6781402174638,344.995838775662
-74.6114335267827,280.197810118867
-74.5447268361016,526.871034683719
-74.4780201454205,469.5752700745
-74.4113134547395,226.660017779405
-74.3446067640584,132.597232751911
-74.2779000733773,190.622403149654
-74.2111933826962,318.257421495909
-74.1444866920151,168.173358077535
-74.0777800013341,179.204717336095
-74.011073310653,574.457366507721
-73.9443666199719,807.804257764103
-73.8776599292909,565.944031021964
-73.8109532386098,133.71912708623
-73.7442465479287,735.773123535661
-73.6775398572476,1070.58328532676
-73.6108331665666,963.670883986565
-73.5441264758855,520.645084299279
-73.4774197852044,477.958784106472
-73.4107130945233,1152.20696634022
-73.3440064038423,359.516746495996
-73.2772997131612,278.0610380082
-73.2105930224801,262.488882842768
-73.143886331799,579.227056647635
-73.077179641118,436.137849653511
-73.0104729504369,227.791996814741
-72.9437662597558,839.866820717068
-72.8770595690747,589.111195596577
-72.8103528783937,641.812161690901
-72.7436461877126,213.285253237202
-72.6769394970315,220.712863194343
-72.6102328063504,849.774499372653
-72.5435261156694,450.921691901469
-72.4768194249883,403.17627175214
-72.4101127343072,279.795998172184
-72.3434060436261,207.152950499676
-72.276699352945,543.422527510451
-72.209992662264,208.080773647794
-72.1432859715829,284.835387790763
-72.0765792809018,378.866519596507
-72.0098725902208,390.835337842324
-71.9431658995397,330.62965787182
-71.8764592088586,66.947818277535
-71.8097525181775,391.124296905296
-71.7430458274964,758.26466506002
-71.6763391368154,834.919123565675
-71.6096324461343,529.633655126059
-71.5429257554532,407.453046636942
-71.4762190647722,295.222238211821
-71.4095123740911,915.991352378751
-71.34280568341,1136.37787077738
-71.2760989927289,457.030210592835
-71.2093923020478,247.646196460759
-71.1426856113668,168.121679352396
-71.0759789206857,856.171992729984
-71.0092722300046,481.136235175777
-70.9425655393235,333.645462173557
-70.8758588486425,432.409309216547
-70.8091521579614,254.224696333888
-70.7424454672803,421.785365338893
-70.6757387765992,318.363205977855
-70.6090320859182,236.800529381161
-70.5423253952371,512.655895586939
-70.475618704556,533.200736055256
-70.4089120138749,745.853486855626
-70.3422053231939,361.589154017948
-70.2754986325128,249.213473759647
-70.2087919418317,497.075922809133
-70.1420852511506,745.499942217836
-70.0753785604696,602.489394532921
-70.0086718697885,225.277638517695
-69.9419651791074,437.814418615484
-69.8752584884263,507.761907387993
-69.8085517977453,178.744869680297
-69.7418451070642,482.535656890018
-69.6751384163831,187.457503189423
-69.608431725702,361.194426772889
-69.541725035021,32.4695655235972
-69.4750183443399,642.009389765793
-69.4083116536588,572.297310258312
-69.3416049629777,180.762096899301
-69.2748982722967,64.7384363456596
-69.2081915816156,569.614085178565
-69.1414848909345,682.152215172782
-69.0747782002534,404.631915326263
-69.0080715095724,630.815803384725
-68.9413648188913,552.985126077999
-68.8746581282102,686.401642147876
-68.8079514375291,628.146658546031
-68.7412447468481,618.615824530945
-68.674538056167,674.259404946352
-68.6078313654859,498.325627591294
-68.5411246748048,637.433373582399
-68.4744179841238,556.601935566892
-68.4077112934427,41.0949314704897
-68.3410046027616,380.132998730001
-68.2742979120805,358.266095221345
-68.2075912213995,380.384954319622
-68.1408845307184,575.729043673614
-68.0741778400373,593.793525543387
-68.0074711493562,177.406027000017
-67.9407644586752,255.329492622199
-67.8740577679941,488.359363342512
-67.807351077313,840.837852990365
-67.7406443866319,934.274027748079
-67.6739376959509,164.835830291903
-67.6072310052698,424.344760549736
-67.5405243145887,756.01544092908
-67.4738176239076,1245.62938862258
-67.4071109332265,619.522175837521
-67.3404042425455,76.4455176540246
-67.2736975518644,622.271176226753
-67.2069908611833,849.609078923727
-67.1402841705023,1157.60935566038
-67.0735774798212,451.541977868698
-67.0068707891401,405.410269418037
-66.940164098459,502.842533732938
-66.8734574077779,492.681990628314
-66.8067507170969,562.454124888223
-66.7400440264158,422.486911452096
-66.6733373357347,89.7499278029917
-66.6066306450537,249.398875837919
-66.5399239543726,790.440947723406
-66.4732172636915,262.735366068464
-66.4065105730104,410.482657093241
-66.3398038823293,499.818190137602
-66.2730971916483,426.666718969431
-66.2063905009672,500.530014385976
-66.1396838102861,246.705510953829
-66.0729771196051,626.185753052299
-66.006270428924,472.481612894994
-65.9395637382429,209.128702687957
-65.8728570475618,448.408191514629
-65.8061503568807,448.046601336984
-65.7394436661997,346.897260717648
-65.6727369755186,207.146702206372
-65.6060302848375,240.777036816888
-65.5393235941564,834.074464348358
-65.4726169034754,486.65065880601
-65.4059102127943,197.367018161028
-65.3392035221132,164.749412014108
-65.2724968314322,531.234862542179
-65.2057901407511,694.17066643423
-65.13908345007,453.914294236806
-65.0723767593889,517.698902545094
-65.0056700687078,213.14541551832
-64.9389633780268,450.865518795277
-64.8722566873457,314.325710982131
-64.8055499966646,518.728570340538
-64.7388433059836,431.561007217968
-64.6721366153025,505.607039030519
-64.6054299246214,506.207518369907
-64.5387232339403,779.192299041449
-64.4720165432592,676.470997855954
-64.4053098525782,323.880146397252
-64.3386031618971,816.611622672707
-64.271896471216,814.333143758184
-64.2051897805349,993.505939650589
-64.1384830898539,338.845602601569
-64.0717763991728,210.677561358471
-64.0050697084917,918.681313496621
-63.9383630178106,774.289402136246
-63.8716563271296,523.913796499443
-63.8049496364485,336.069569295222
-63.7382429457674,345.771087692661
-63.6715362550863,705.030111261395
-63.6048295644053,218.918145750034
-63.5381228737242,273.68317055804
-63.4714161830431,202.288162332118
-63.404709492362,527.112916524716
-63.338002801681,426.100520701691
-63.2712961109999,326.257978327132
-63.2045894203188,171.159801559396
-63.1378827296377,582.075584741391
-63.0711760389567,684.996062831386
-63.0044693482756,428.49760547256
-62.9377626575945,477.952579741567
-62.8710559669134,395.019945398372
-62.8043492762324,1187.40545623768
-62.7376425855513,1007.8003478955
-62.6709358948702,194.953947782063
-62.6042292041891,619.56879369723
-62.5375225135081,697.693174680605
-62.470815822827,1379.37073596326
-62.4041091321459,785.445935240314
-62.3374024414648,111.359300087589
-62.2706957507838,398.616941641926
-62.2039890601027,348.928570323107
-62.1372823694216,930.788488289554
-62.0705756787405,449.578370063374
-62.0038689880595,382.192578034624
-61.9371622973784,500.750007513424
-61.8704556066973,307.844241612043
-61.8037489160162,412.629219176195
-61.7370422253352,385.533129148
-61.6703355346541,737.571772539641
-61.603628843973,653.464683275428
-61.5369221532919,460.841100597349
-61.4702154626109,474.649437295738
-61.4035087719298,280.447362864323
-61.3368020812487,1111.74194847191
-61.2700953905676,289.574971857193
-61.2033886998866,383.208915724696
-61.1366820092055,265.176004260768
-61.0699753185244,487.835136137382
-61.0032686278433,847.806073819015
-60.9365619371623,401.080919285602
-60.8698552464812,365.15289733731
-60.8031485558001,620.751416232597
-60.736441865119,233.363660511762
-60.669735174438,830.632041708835
-60.6030284837569,507.03795995763
-60.5363217930758,268.761169722234
-60.4696151023947,212.970683138897
-60.4029084117137,951.28346121049
-60.3362017210326,608.070602807423
-60.2694950303515,397.937653369289
-60.2027883396704,361.121922706292
-60.1360816489894,517.099666616931
-60.0693749583083,945.801623256257
-60.0026682676272,332.684633593477
-59.9359615769461,277.873343897767
-59.869254886265,398.227668164872
-59.802548195584,117.365008291552
-59.7358415049029,230.811983624976
-59.6691348142218,576.392045003779
-59.6024281235407,298.388808225437
-59.5357214328597,287.631893308411
-59.4690147421786,524.701167811892
-59.4023080514975,680.309557372392
-59.3356013608164,379.147623454113
-59.2688946701354,618.730407229554
-59.2021879794543,313.401668166287
-59.1354812887732,576.618935878934
-59.0687745980921,595.576737737739
-59.0020679074111,508.266096182974
-58.93536121673,861.418842221987
-58.8686545260489,403.844361104301
-58.8019478353678,289.614320721108
-58.7352411446868,155.549720942734
-58.6685344540057,998.200163617593
-58.6018277633246,474.64482673042
-58.5351210726435,286.76883338958
-58.4684143819625,421.299326911643
-58.4017076912814,370.83592424401
-58.3350010006003,410.558803301417
-58.2682943099192,373.709299295816
-58.2015876192382,486.113022951504
-58.1348809285571,747.945386506909
-58.068174237876,128.53225901699
-58.0014675471949,414.14254655766
-57.9347608565139,413.424839571621
-57.8680541658328,659.524354149699
-57.8013474751517,388.663199809026
-57.7346407844706,410.314932455445
-57.6679340937896,512.679041687293
-57.6012274031085,320.406679317496
-57.5345207124274,649.834804577805
-57.4678140217463,381.987569475939
-57.4011073310653,668.831505419321
-57.3344006403842,511.004023612663
-57.2676939497031,352.358670362587
-57.200987259022,958.2714222513
-57.134280568341,304.20549816523
-57.0675738776599,581.854216434225
-57.0008671869788,108.698847705492
-56.9341604962977,545.602945046172
-56.8674538056167,678.510733589867
-56.8007471149356,248.692542914888
-56.7340404242545,415.559554036618
-56.6673337335734,193.105220075399
-56.6006270428924,87.1214300454621
-56.5339203522113,328.835055302598
-56.4672136615302,195.327759497162
-56.4005069708491,406.377598680477
-56.3338002801681,298.124471367794
-56.267093589487,478.447751299658
-56.2003868988059,634.788264128771
-56.1336802081248,146.088989620257
-56.0669735174438,443.97509344721
-56.0002668267627,301.788079044553
-55.9335601360816,399.814701471662
-55.8668534454005,533.599075316414
-55.8001467547195,282.295972393112
-55.7334400640384,385.77216265283
-55.6667333733573,289.600082513971
-55.6000266826762,130.849025970183
-55.5333199919952,338.876018109482
-55.4666133013141,407.631108059193
-55.399906610633,422.853598459045
-55.3331999199519,241.651554525735
-55.2664932292709,396.71653518762
-55.1997865385898,185.539397924222
-55.1330798479087,836.7606646101
-55.0663731572276,280.864677606194
-54.9996664665466,207.180195200096
-54.9329597758655,546.23189790247
-54.8662530851844,469.224359455149
-54.7995463945033,888.213031586217
-54.7328397038223,323.212788026726
-54.6661330131412,557.642450344488
-54.5994263224601,398.53115250563
-54.532719631779,169.831691906894
-54.466012941098,623.434736035454
-54.3993062504169,273.528720255
-54.3325995597358,847.669623004819
-54.2658928690547,980.65515064362
-54.1991861783737,538.769587017222
-54.1324794876926,517.924089434385
-54.0657727970115,113.966261779504
-53.9990661063304,1310.80608434729
-53.9323594156494,1198.70309918704
-53.8656527249683,87.9586883367522
-53.7989460342872,488.155610433985
-53.7322393436061,342.477284461201
-53.6655326529251,1299.87783955748
-53.598825962244,523.647280345068
-53.5321192715629,430.078072703341
-53.4654125808818,452.571066370883
-53.3987058902008,309.42068623491
-53.3319991995197,1031.07883170995
-53.2652925088386,419.004616203054
-53.1985858181575,658.812407339318
-53.1318791274764,273.954422666507
-53.0651724367954,1002.55232861918
-52.9984657461143,963.7718530399
-52.9317590554332,392.789592830284
-52.8650523647521,842.200557369884
-52.7983456740711,635.942795335496
-52.73163898339,699.093477384927
-52.6649322927089,630.364144420207
-52.5982256020278,536.104672215119
-52.5315189113468,397.979391961792
-52.4648122206657,871.214903678081
-52.3981055299846,275.82927957818
-52.3313988393035,293.755393087311
-52.2646921486225,540.012599578331
-52.1979854579414,288.964163304824
-52.1312787672603,660.889314681458
-52.0645720765792,214.883785973496
-51.9978653858982,322.086541363943
-51.9311586952171,551.419727228495
-51.864452004536,545.169806714788
-51.7977453138549,658.72756899758
-51.7310386231739,514.952791224223
-51.6643319324928,422.867853321022
-51.5976252418117,196.491375835585
-51.5309185511306,746.894117735399
-51.4642118604496,373.646296648443
-51.3975051697685,203.097772136368
-51.3307984790874,171.390653492495
-51.2640917884063,350.764612371545
-51.1973850977253,646.050669925042
-51.1306784070442,268.346341774249
-51.0639717163631,333.194619792497
-50.997265025682,239.841549121198
-50.930558335001,318.215043111705
-50.8638516443199,606.837157886889
-50.7971449536388,690.738690113356
-50.7304382629577,467.303620458994
-50.6637315722767,613.173553522608
-50.5970248815956,210.240717803458
-50.5303181909145,1202.29734503409
-50.4636115002334,747.827632744147
-50.3969048095524,343.056966526766
-50.3301981188713,946.489381717124
-50.2634914281902,171.653759926988
-50.1967847375091,840.736524654103
-50.1300780468281,393.107623576109
-50.063371356147,326.426140519337
-49.9966646654659,883.132435430534
-49.9299579747848,423.163413285717
-49.8632512841038,72.5563570589012
-49.7965445934227,145.31199059069
-49.7298379027416,254.814347247164
-49.6631312120605,622.122155885328
-49.5964245213795,641.453588226984
-49.5297178306984,537.248919894824
-49.4630111400173,515.253599320932
-49.3963044493362,452.911848807379
-49.3295977586552,786.106454460484
-49.2628910679741,715.042168939556
-49.196184377293,395.5208122657
-49.1294776866119,751.923278283634
-49.0627709959309,642.540425982192
-48.9960643052498,625.655045096126
-48.9293576145687,559.858209328037
-48.8626509238876,302.60514510619
-48.7959442332066,1478.0942556766
-48.7292375425255,559.480656650224
-48.6625308518444,727.583992397005
-48.5958241611633,514.353746379077
-48.5291174704823,785.417496504634
-48.4624107798012,1327.83224814667
-48.3957040891201,97.8554121416247
-48.328997398439,501.908849777087
-48.262290707758,598.976948653309
-48.1955840170769,973.608199864161
-48.1288773263958,945.553280989931
-48.0621706357147,336.226889821594
-47.9954639450337,595.271495970031
-47.9287572543526,932.09597915624
-47.8620505636715,893.544327064301
-47.7953438729904,961.931790169564
-47.7286371823093,369.638427150838
-47.6619304916283,564.851346928057
-47.5952238009472,577.652476845362
-47.5285171102661,563.512880494071
-47.461810419585,540.511790413612
-47.395103728904,543.152176350255
-47.3283970382229,239.819093006142
-47.2616903475418,109.061539644064
-47.1949836568607,502.983662524782
-47.1282769661797,374.719037344635
-47.0615702754986,173.768907713422
-46.9948635848175,349.172490589126
-46.9281568941364,370.842752751775
-46.8614502034554,808.427839986621
-46.7947435127743,276.380481998411
-46.7280368220932,332.530233037287
-46.6613301314122,331.28227363151
-46.5946234407311,913.320854137609
-46.52791675005,681.076490066676
-46.4612100593689,426.361517007302
-46.3945033686878,524.536664872204
-46.3277966780068,336.298757813814
-46.2610899873257,753.757048537815
-46.1943832966446,683.87715116768
-46.1276766059635,386.717963270805
-46.0609699152825,442.446761955027
-45.9942632246014,641.141311775641
-45.9275565339203,721.2220221797
-45.8608498432392,443.277815334735
-45.7941431525582,159.555402962792
-45.7274364618771,102.182171943125
-45.660729771196,664.096676956814
-45.5940230805149,530.897419275015
-45.5273163898339,211.642226072593
-45.4606096991528,452.356143406892
-45.3939030084717,370.531021220707
-45.3271963177906,504.1292077531
-45.2604896271096,287.419838440154
-45.1937829364285,506.647220632597
-45.1270762457474,752.128818386031
-45.0603695550663,127.788731957144
-44.9936628643853,978.125451687213
-44.9269561737042,84.4980435323759
-44.8602494830231,306.3319981893
-44.793542792342,459.275163831937
-44.726836101661,209.655476907586
-44.6601294109799,749.282777028515
-44.5934227202988,589.011730111226
-44.5267160296177,343.943681731905
-44.4600093389367,236.659000974098
-44.3933026482556,438.774136111525
-44.3265959575745,306.390823435872
-44.2598892668934,154.002283383822
-44.1931825762124,69.4564305561199
-44.1264758855313,709.722742101965
-44.0597691948502,974.184024861402
-43.9930625041691,116.436075245827
-43.9263558134881,305.629277017195
-43.859649122807,177.10417376439
-43.7929424321259,1103.47033804004
-43.7262357414448,980.760561071099
-43.6595290507638,401.847063495525
-43.5928223600827,259.990632146498
-43.5261156694016,263.796925638457
-43.4594089787205,1024.57621111558
-43.3927022880395,1088.63308639177
-43.3259955973584,657.190376927637
-43.2592889066773,449.60906311616
-43.1925822159962,60.4927884024634
-43.1258755253152,981.705131364183
-43.0591688346341,1292.80744767767
-42.992462143953,627.356765835313
-42.9257554532719,426.670748620342
-42.8590487625909,517.432567092136
-42.7923420719098,1217.31508125037
-42.7256353812287,1395.15469300293
-42.6589286905476,634.868876861402
-42.5922219998666,104.002648904898
-42.5255153091855,788.704693437344
-42.4588086185044,1180.73862721343
-42.3921019278233,1224.67820210878
-42.3253952371423,481.853891134423
-42.2586885464612,381.548788653918
-42.1919818557801,503.119273095783
-42.125275165099,886.015782736028
-42.058568474418,911.599442775327
-41.9918617837369,473.386206816905
-41.9251550930558,141.886030601737
-41.8584484023747,69.1298641271041
-41.7917417116937,877.222877179323
-41.7250350210126,754.339535480648
-41.6583283303315,193.770343965731
-41.5916216396504,406.335972648827
-41.5249149489694,215.789979947948
-41.4582082582883,705.843229476614
-41.3915015676072,584.418628085798
-41.3247948769261,545.578619466213
-41.2580881862451,249.494899222435
-41.191381495564,267.798242175482
-41.1246748048829,1123.37827038133
-41.0579681142018,901.50759937923
-40.9912614235207,346.300054532629
-40.9245547328397,413.573219532922
-40.8578480421586,456.154538289288
-40.7911413514775,907.799248999593
-40.7244346607964,549.021816526768
-40.6577279701154,643.123008667635
-40.5910212794343,531.093298997273
-40.5243145887532,160.809273937643
-40.4576078980721,152.230246412443
-40.3909012073911,356.287516865087
-40.32419451671,578.937903549058
-40.2574878260289,139.631310206898
-40.1907811353478,249.950182137796
-40.1240744446668,492.993061333088
-40.0573677539857,276.119629768183
-39.9906610633046,282.603639779168
-39.9239543726235,478.22588849384
-39.8572476819425,220.66798354128
-39.7905409912614,566.50207033747
-39.7238343005803,688.981950256742
-39.6571276098992,410.425749029948
-39.5904209192182,712.134862627433
-39.5237142285371,603.980867052891
-39.457007537856,792.040953568589
-39.3903008471749,757.436857963281
-39.3235941564939,356.40103533467
-39.2568874658128,1015.37031676212
-39.1901807751317,10.958973018202
-39.1234740844506,1116.54318346714
-39.0567673937696,1327.71153282811
-38.9900607030885,850.845353774954
-38.9233540124074,728.610987078039
-38.8566473217263,517.457078883935
-38.7899406310453,1241.79444267799
-38.7232339403642,1214.59927632657
-38.6565272496831,544.999373109937
-38.589820559002,658.326743801357
-38.523113868321,725.848321211541
-38.4564071776399,983.570563758509
-38.3897004869588,750.445153405539
-38.3229937962777,603.686337640074
-38.2562871055967,303.677978103018
-38.1895804149156,686.168204512889
-38.1228737242345,396.593073995649
-38.0561670335534,400.73840363591
-37.9894603428724,578.519744724059
-37.9227536521913,147.167489613314
-37.8560469615102,295.734263567356
-37.7893402708291,521.262663317919
-37.7226335801481,308.044455685007
-37.655926889467,83.2205455126452
-37.5892201987859,590.531717936386
-37.5225135081048,751.142813795342
-37.4558068174238,505.209444095114
-37.3891001267427,162.118698365363
-37.3223934360616,811.269633844285
-37.2556867453805,889.64021208813
-37.1889800546995,516.95048560293
-37.1222733640184,32.3068975111228
-37.0555666733373,692.24409648034
-36.9888599826562,1020.90432981447
-36.9221532919752,1042.40291299273
-36.8554466012941,170.072718633987
-36.788739910613,647.94544073341
-36.7220332199319,858.836314653013
-36.6553265292509,796.646825460468
-36.5886198385698,880.956471473139
-36.5219131478887,456.346518072314
-36.4552064572076,598.543867226337
-36.3884997665266,811.923939335097
-36.3217930758455,772.825907050682
-36.2550863851644,475.618400102933
-36.1883796944833,699.387347684815
-36.1216730038023,268.7230131059
-36.0549663131212,926.719344274693
-35.9882596224401,768.727882354501
-35.921552931759,411.017281537556
-35.854846241078,261.123207501981
-35.7881395503969,124.111225778992
-35.7214328597158,853.600092463861
-35.6547261690347,632.640135086972
-35.5880194783537,358.058844868356
-35.5213127876726,285.10650865669
-35.4546060969915,109.046620756808
-35.3878994063104,628.691933325865
-35.3211927156294,415.139123562142
-35.2544860249483,425.161867596694
-35.1877793342672,279.476001445763
-35.1210726435861,64.1630817305242
-35.0543659529051,154.238547044275
-34.987659262224,426.765401745337
-34.9209525715429,453.615286994755
-34.8542458808618,213.53737782291
-34.7875391901808,228.507413933687
-34.7208324994997,221.275368299234
-34.6541258088186,410.128207439846
-34.5874191181375,254.704124267256
-34.5207124274565,735.564824493683
-34.4540057367754,1033.42503134295
-34.3872990460943,504.579201233349
-34.3205923554132,812.680053830545
-34.2538856647321,355.569641392473
-34.1871789740511,1068.53775983313
-34.12047228337,1014.23162602109
-34.0537655926889,720.156043115857
-33.9870589020078,591.954082517751
-33.9203522113268,131.016697111058
-33.8536455206457,1164.73323467365
-33.7869388299646,808.148962858365
-33.7202321392835,330.67809058371
-33.6535254486025,105.218134560693
-33.5868187579214,470.493443722192
-33.5201120672403,1137.79158599926
-33.4534053765592,414.601337844228
-33.3866986858782,487.826811964851
-33.3199919951971,536.989230705778
-33.253285304516,544.17728062403
-33.1865786138349,770.973975016399
-33.1198719231539,579.100185000995
-33.0531652324728,437.396020345246
-32.9864585417917,201.114991246754
-32.9197518511106,401.370132379713
-32.8530451604296,496.091690700229
-32.7863384697485,241.324342648488
-32.7196317790674,738.996821943033
-32.6529250883863,312.86789500355
-32.5862183977053,259.161061074818
-32.5195117070242,477.967010518542
-32.4528050163431,1120.05843490832
-32.386098325662,882.684262225202
-32.319391634981,441.816257260088
-32.2526849442999,27.0066479709538
-32.1859782536188,1085.84938388935
-32.1192715629377,1187.71521776496
-32.0525648722567,487.528401723421
-31.9858581815756,531.412488057762
-31.9191514908945,495.589541165287
-31.8524448002134,651.802577304447
-31.7857381095324,769.259128776292
-31.7190314188513,162.223876426249
-31.6523247281702,601.452414918492
-31.5856180374891,433.479567668339
-31.5189113468081,116.077662280572
-31.452204656127,995.805333177604
-31.3854979654459,465.355011361299
-31.3187912747648,459.695591890777
-31.2520845840838,327.723041774165
-31.1853778934027,1048.2240605241
-31.1186712027216,795.059184998125
-31.0519645120405,580.579087353369
-30.9852578213595,786.169840095737
-30.9185511306784,396.440377782893
-30.8518444399973,1073.75085376143
-30.7851377493162,241.780590577659
-30.7184310586352,803.30612404355
-30.6517243679541,880.996748656622
-30.585017677273,218.117360290793
-30.5183109865919,329.306682091666
-30.4516042959109,833.482168723671
-30.3848976052298,352.969857907303
-30.3181909145487,559.06304909187
-30.2514842238676,343.984853383516
-30.1847775331866,394.807121922087
-30.1180708425055,243.76814146603
-30.0513641518244,228.860314328977
-29.9846574611433,493.38130374074
-29.9179507704623,165.33868607099
-29.8512440797812,526.527734992664
-29.7845373891001,706.342765182524
-29.717830698419,456.859386124344
-29.651124007738,621.793508131791
-29.5844173170569,447.479397033075
-29.5177106263758,344.092556503771
-29.4510039356947,475.237342860304
-29.3842972450137,361.792140494211
-29.3175905543326,642.074194355383
-29.2508838636515,371.964080975226
-29.1841771729704,105.416559508819
-29.1174704822894,141.507878556036
-29.0507637916083,816.211834289369
-28.9840571009272,283.310930405103
-28.9173504102461,477.477714639672
-28.8506437195651,424.204031802155
-28.783937028884,861.163883265767
-28.7172303382029,938.791834225959
-28.6505236475218,276.905739864826
-28.5838169568407,585.766812724038
-28.5171102661597,403.735162008054
-28.4504035754786,868.235184391384
-28.3836968847975,938.233000932537
-28.3169901941164,356.609221678929
-28.2502835034354,848.600960366641
-28.1835768127543,277.595775119139
-28.1168701220732,260.580855136005
-28.0501634313921,737.796622926806
-27.9834567407111,427.207040531852
-27.91675005003,1011.08347958851
-27.8500433593489,399.084633446599
-27.7833366686678,250.155167838314
-27.7166299779868,679.862114731946
-27.6499232873057,243.506868505419
-27.5832165966246,681.444043248414
-27.5165099059435,747.524029190153
-27.4498032152625,441.00897349255
-27.3830965245814,936.045030879118
-27.3163898339003,790.701553529241
-27.2496831432192,1221.65784030811
-27.1829764525382,653.342246599495
-27.1162697618571,515.47092640457
-27.049563071176,1067.20996866003
-26.9828563804949,836.928873634697
-26.9161496898139,1018.92200938159
-26.8494429991328,817.840887877823
-26.7827363084517,489.738404446583
-26.7160296177706,858.907905242964
-26.6493229270896,586.51051792978
-26.5826162364085,874.352267412761
-26.5159095457274,1170.38259260091
-26.4492028550463,168.998075500232
-26.3824961643653,539.021391908843
-26.3157894736842,604.733500015553
-26.2490827830031,850.688651256333
-26.182376092322,848.79390800156
-26.115669401641,313.181373092225
-26.0489627109599,506.664699892108
-25.9822560202788,269.091756924079
-25.9155493295977,1381.12765042894
-25.8488426389167,460.881485312461
-25.7821359482356,336.01350856977
-25.7154292575545,912.589177571847
-25.6487225668734,964.178430480085
-25.5820158761924,1232.075454566
-25.5153091855113,454.684084201417
-25.4486024948302,85.5853215514766
-25.3818958041491,821.121866405088
-25.3151891134681,801.108360790278
-25.248482422787,947.21890375586
-25.1817757321059,254.820298078356
-25.1150690414248,695.915935342346
-25.0483623507438,764.865274549948
-24.9816556600627,508.975131922872
-24.9149489693816,761.975194054198
-24.8482422787005,919.69199943783
-24.7815355880195,895.031709318464
-24.7148288973384,515.844083054468
-24.6481222066573,1079.97037191811
-24.5814155159762,673.705066157211
-24.5147088252952,1244.7445693115
-24.4480021346141,333.816904101784
-24.381295443933,1212.20402247106
-24.3145887532519,1219.78187518015
-24.2478820625709,120.192648146375
-24.1811753718898,769.773632366449
-24.1144686812087,798.711884912781
-24.0477619905276,1202.14241565682
-23.9810552998466,351.822879838092
-23.9143486091655,765.060727484281
-23.8476419184844,542.171502357862
-23.7809352278033,963.599318893203
-23.7142285371223,884.884963566052
-23.6475218464412,427.723710359163
-23.5808151557601,1444.06209156217
-23.514108465079,722.143722671535
-23.447401774398,615.60456069614
-23.3806950837169,1019.24011240383
-23.3139883930358,592.255905655673
-23.2472817023547,1115.03216438068
-23.1805750116737,922.455376066445
-23.1138683209926,899.995883978475
-23.0471616303115,795.52190486046
-22.9804549396304,696.905976736922
-22.9137482489494,820.849055306328
-22.8470415582683,1080.16350671442
-22.7803348675872,1087.88976225526
-22.7136281769061,159.583580122145
-22.6469214862251,193.946199994817
-22.580214795544,563.068731245022
-22.5135081048629,648.406103100923
-22.4468014141818,465.888397590637
-22.3800947235008,730.017315079838
-22.3133880328197,318.335712047387
-22.2466813421386,493.683176162739
-22.1799746514575,1022.10882037258
-22.1132679607765,774.661579709149
-22.0465612700954,373.186727668354
-21.9798545794143,510.791760355671
-21.9131478887332,1338.73769718505
-21.8464411980521,830.177707734976
-21.7797345073711,400.294540431382
-21.71302781669,682.323878371141
-21.6463211260089,997.959496249376
-21.5796144353278,1026.2469940862
-21.5129077446468,528.458408684619
-21.4462010539657,1391.79437350826
-21.3794943632846,1577.10080149624
-21.3127876726035,1055.68320542921
-21.2460809819225,1229.08234748324
-21.1793742912414,847.291342873726
-21.1126676005603,2069.0426982404
-21.0459609098792,1314.0793775456
-20.9792542191982,1286.88258138423
-20.9125475285171,1288.13189135157
-20.845840837836,972.209322526496
-20.7791341471549,1342.32748016628
-20.7124274564739,396.525833984064
-20.6457207657928,1287.91580920296
-20.5790140751117,1513.97618347462
-20.5123073844306,147.858215881166
-20.4456006937496,420.396156537536
-20.3788940030685,680.833401162705
-20.3121873123874,1063.07388454606
-20.2454806217063,964.862492921317
-20.1787739310253,1457.54684641028
-20.1120672403442,718.073528051089
-20.0453605496631,788.939330770284
-19.978653858982,737.486550272583
-19.911947168301,1003.174753972
-19.8452404776199,1519.47120906338
-19.7785337869388,813.424477675692
-19.7118270962577,406.492102722103
-19.6451204055767,1254.71855039644
-19.5784137148956,1347.22147090043
-19.5117070242145,419.71513494671
-19.4450003335334,916.858796920332
-19.3782936428524,561.907852318634
-19.3115869521713,1376.28858251108
-19.2448802614902,812.75818052655
-19.1781735708091,227.270720359308
-19.1114668801281,685.223813118569
-19.044760189447,669.710060168622
-18.9780534987659,913.081422851403
-18.9113468080848,40.7589361564706
-18.8446401174038,120.015272757254
-18.7779334267227,377.548714345376
-18.7112267360416,461.927196230427
-18.6445200453605,442.770777242837
-18.5778133546795,829.356934079576
-18.5111066639984,511.6001753793
-18.4443999733173,286.01885980284
-18.3776932826362,343.650919091522
-18.3109865919552,714.827271823239
-18.2442799012741,679.48546384366
-18.177573210593,776.692558793372
-18.1108665199119,489.200114244413
-18.0441598292309,1022.55737186103
-17.9774531385498,919.697171620884
-17.9107464478687,123.291332226397
-17.8440397571876,603.017972531866
-17.7773330665066,729.257626007022
-17.7106263758255,263.942790601807
-17.6439196851444,556.14550828992
-17.5772129944633,665.181777327983
-17.5105063037823,369.54785206375
-17.4437996131012,569.11974826131
-17.3770929224201,260.179250177614
-17.310386231739,380.845272188451
-17.243679541058,765.037211920582
-17.1769728503769,603.223392253728
-17.1102661596958,660.750032351324
-17.0435594690147,705.956053153188
-16.9768527783337,675.288202696807
-16.9101460876526,427.385825431877
-16.8434393969715,773.2758365378
-16.7767327062904,1018.14741593687
-16.7100260156094,269.505617952253
-16.6433193249283,52.4447489431424
-16.5766126342472,966.117229308226
-16.5099059435661,1050.56824359491
-16.4431992528851,613.140466414416
-16.376492562204,698.295825665612
-16.3097858715229,456.668605624859
-16.2430791808418,761.356565617041
-16.1763724901608,921.669500091482
-16.1096657994797,425.38984307228
-16.0429591087986,761.777277934168
-15.9762524181175,178.274587831069
-15.9095457274365,1454.06154030272
-15.8428390367554,888.880595868494
-15.7761323460743,622.535456194022
-15.7094256553932,540.103394531635
-15.6427189647121,445.216287218305
-15.5760122740311,1199.67447225291
-15.50930558335,1028.82621566726
-15.4425988926689,355.392990035705
-15.3758922019878,389.240517084691
-15.3091855113068,586.520490612437
-15.2424788206257,1372.63191421325
-15.1757721299446,1234.49174615824
-15.1090654392635,328.974924791284
-15.0423587485825,470.669892622293
-14.9756520579014,698.463781740684
-14.9089453672203,1059.29562368377
-14.8422386765392,550.710219587944
-14.7755319858582,942.226242942458
-14.7088252951771,828.156624712678
-14.642118604496,115.866558812816
-14.5754119138149,393.037831595852
-14.5087052231339,682.866867503617
-14.4419985324528,945.663158903836
-14.3752918417717,757.303838254383
-14.3085851510906,1103.85644926469
-14.2418784604096,578.081277594768
-14.1751717697285,1146.40912442118
-14.1084650790474,1625.31238376328
-14.0417583883663,1766.75464655256
-13.9750516976853,1262.33966153432
-13.9083450070042,1111.95050853764
-13.8416383163231,971.611778537132
-13.774931625642,1787.1310047121
-13.708224934961,1101.59081193342
-13.6415182442799,689.418661389717
-13.5748115535988,779.740536676844
-13.5081048629177,919.236421984846
-13.4413981722367,813.805989974576
-13.3746914815556,691.222722816934
-13.3079847908745,388.589187618606
-13.2412781001934,475.813809976355
-13.1745714095124,1090.56012405846
-13.1078647188313,482.717864933387
-13.0411580281502,610.944647175621
-12.9744513374691,924.458317242355
-12.9077446467881,73.0030633565941
-12.841037956107,534.974078528514
-12.7743312654259,626.608897704029
-12.7076245747448,437.323357805702
-12.6409178840638,728.126713904458
-12.5742111933827,148.548405361794
-12.5075045027016,451.817042288571
-12.4407978120205,732.674257757979
-12.3740911213395,614.121163027475
-12.3073844306584,786.611423121025
-12.2406777399773,401.459732570493
-12.1739710492962,1146.81397894837
-12.1072643586152,1266.04067079796
-12.0405576679341,626.757678270546
-11.973850977253,710.546870650308
-11.9071442865719,760.238629878581
-11.8404375958909,609.362164117103
-11.7737309052098,1149.23720471347
-11.7070242145287,415.00754256667
-11.6403175238476,391.242685334188
-11.5736108331666,593.965223480359
-11.5069041424855,1003.19587761476
-11.4401974518044,623.181850385035
-11.3734907611233,571.642615151076
-11.3067840704423,1045.25301809941
-11.2400773797612,1359.30575124889
-11.1733706890801,564.509884095896
-11.106663998399,1566.37661192636
-11.039957307718,144.757226777026
-10.9732506170369,2134.38801392738
-10.9065439263558,1929.08364509263
-10.8398372356747,586.352912048863
-10.7731305449937,986.290948983006
-10.7064238543126,593.440307513195
-10.6397171636315,2486.82870477201
-10.5730104729504,1403.03709909474
-10.5063037822694,820.379807551406
-10.4395970915883,537.192141027813
-10.3728904009072,2028.58142845394
-10.3061837102261,871.100503189278
-10.2394770195451,1023.66390390815
-10.172770328864,1056.83193645314
-10.1060636381829,756.534468894704
-10.0393569475018,2130.61072717265
-9.97265025682075,776.317670573574
-9.90594356613968,1055.22015013721
-9.8392368754586,985.207416423937
-9.77253018477753,1898.77004111438
-9.70582349409645,970.707261522748
-9.63911680341538,1154.94032652384
-9.5724101127343,623.527356377802
-9.50570342205322,1111.79509449132
-9.43899673137215,1073.62186322303
-9.37229004069107,1453.73354312227
-9.30558335001,781.892679767178
-9.23887665932892,1223.83238067169
-9.17216996864785,678.452097535727
-9.10546327796677,1235.29666787171
-9.0387565872857,1719.35349599265
-8.97204989660462,349.316203725606
-8.90534320592355,700.081761282313
-8.83863651524247,839.893374180862
-8.7719298245614,2106.80484023688
-8.70522313388032,631.701306739102
-8.63851644319925,583.348932385949
-8.57180975251817,238.422064139961
-8.5051030618371,1174.29589665284
-8.43839637115602,1328.41204836358
-8.37168968047495,667.156085059025
-8.30498298979387,857.911916706226
-8.2382762991128,352.544380516448
-8.17156960843172,830.069562769017
-8.10486291775064,368.839247390076
-8.03815622706957,769.962264033632
-7.97144953638849,596.685805146891
-7.90474284570742,763.36584877596
-7.83803615502634,1446.06065697925
-7.77132946434527,979.988570268398
-7.70462277366419,1102.5826232298
-7.63791608298312,571.405987040825
-7.57120939230204,782.796298363342
-7.50450270162097,1914.74519457559
-7.43779601093989,1708.96226706632
-7.37108932025882,1013.79488904892
-7.30438262957774,684.340189706595
-7.23767593889667,1447.34838677105
-7.17096924821559,1575.66723265114
-7.10426255753452,1306.64192115425
-7.03755586685344,813.847616229296
-6.97084917617236,340.715204067334
-6.90414248549129,1203.76172269876
-6.83743579481021,505.397902696911
-6.77072910412914,950.549993887898
-6.70402241344806,806.465988189525
-6.63731572276699,442.819547140266
-6.57060903208591,409.808335243609
-6.50390234140484,32.2214963476016
-6.43719565072376,240.453520846994
-6.37048896004269,685.50635711563
-6.30378226936161,601.198593417792
-6.23707557868054,1227.87228527098
-6.17036888799946,1194.94892099203
-6.10366219731839,579.684026665061
-6.03695550663731,499.535159855882
-5.97024881595624,246.583700822541
-5.90354212527516,1300.56124454177
-5.83683543459409,784.138284906161
-5.77012874391301,227.107523488574
-5.70342205323194,395.596243673466
-5.63671536255086,630.575772617151
-5.57000867186978,1110.9767210752
-5.50330198118871,215.062265683104
-5.43659529050763,545.316673816132
-5.36988859982656,718.538442407727
-5.30318190914548,1016.43178433261
-5.23647521846441,845.819989652511
-5.16976852778333,748.308173284405
-5.10306183710226,909.136653182255
-5.03635514642118,1183.12121721176
-4.96964845574011,465.677878261371
-4.90294176505903,1022.6841181209
-4.83623507437796,1087.88160775854
-4.76952838369688,842.186459551928
-4.70282169301581,1402.87416629893
-4.63611500233473,481.329754324814
-4.56940831165366,464.656271710995
-4.50270162097258,440.712965308529
-4.43599493029151,775.554878447374
-4.36928823961043,1111.81734360522
-4.30258154892935,299.924037448076
-4.23587485824828,530.49600742914
-4.1691681675672,71.2172023273563
-4.10246147688613,665.270062598823
-4.03575478620505,453.130563836741
-3.96904809552398,226.197772730831
-3.9023414048429,1484.45408969952
-3.83563471416183,227.974498032594
-3.76892802348075,798.345000749638
-3.70222133279968,266.743658180908
-3.6355146421186,829.538088607842
-3.56880795143753,1639.193830636
-3.50210126075645,627.076663482332
-3.43539457007538,803.01049887866
-3.3686878793943,656.099561577527
-3.30198118871323,1014.93475764839
-3.23527449803215,1168.64667525908
-3.16856780735108,935.331215220879
-3.10186111667,911.682791705211
-3.03515442598892,944.055058997417
-2.96844773530785,341.917115050173
-2.90174104462677,981.719577329876
-2.8350343539457,904.021120560833
-2.76832766326462,636.816560458208
-2.70162097258355,487.406967080714
-2.63491428190247,355.686905882879
-2.5682075912214,779.348985932898
-2.50150090054032,1488.75929451356
-2.43479420985925,770.75107375698
-2.36808751917817,533.614905046939
-2.3013808284971,214.942438233421
-2.23467413781602,1684.32200483805
-2.16796744713495,1320.65017619668
-2.10126075645387,1387.18321115138
-2.0345540657728,930.002859326047
-1.96784737509172,1362.70564840827
-1.90114068441065,1659.41893089212
-1.83443399372957,1698.32762979666
-1.76772730304849,2232.16880112458
-1.70102061236742,667.445780271599
-1.63431392168634,2637.03762761644
-1.56760723100527,2343.62995779051
-1.50090054032419,2868.11675018744
-1.43419384964312,1477.59182326951
-1.36748715896204,2197.26030089902
-1.30078046828097,4080.15268932132
-1.23407377759989,2821.36377223931
-1.16736708691882,2069.40181541286
-1.10066039623774,1128.37434906752
-1.03395370555667,1714.36838803721
-0.967247014875591,4135.33402835
-0.900540324194516,1657.30788586417
-0.833833633513441,1461.76708828626
-0.767126942832365,1456.24554097426
-0.70042025215129,4367.37483795121
-0.633713561470215,8035.50663056916
-0.56700687078914,4472.5244751529
-0.500300180108064,2254.12102360095
-0.433593489426989,1376.51693306225
-0.366886798745914,19368.7467683031
-0.300180108064839,13225.1567341913
-0.233473417383763,5938.09575397107
-0.166766726702688,3717.41325856311
-0.100060036021613,9067.83333878686
-0.0333533453405376,4.16378043155419e-12
0.0333533453405376,9067.83333878686
0.100060036021613,3717.41325856311
0.166766726702688,5938.09575397107
0.233473417383763,13225.1567341913
0.300180108064839,19368.7467683031
0.366886798745914,1376.51693306225
0.433593489426989,2254.12102360095
0.500300180108064,4472.5244751529
0.56700687078914,8035.50663056916
0.633713561470215,4367.37483795121
0.70042025215129,1456.24554097426
0.767126942832365,1461.76708828626
0.833833633513441,1657.30788586417
0.900540324194516,4135.33402835
0.967247014875591,1714.36838803721
1.03395370555667,1128.37434906752
1.10066039623774,2069.40181541286
1.16736708691882,2821.36377223931
1.23407377759989,4080.15268932132
1.30078046828097,2197.26030089902
1.36748715896204,1477.59182326951
1.43419384964312,2868.11675018744
1.50090054032419,2343.62995779051
1.56760723100527,2637.03762761644
1.63431392168634,667.445780271599
1.70102061236742,2232.16880112458
1.76772730304849,1698.32762979666
1.83443399372957,1659.41893089212
1.90114068441065,1362.70564840827
1.96784737509172,930.002859326047
2.0345540657728,1387.18321115138
2.10126075645387,1320.65017619668
2.16796744713495,1684.32200483805
2.23467413781602,214.942438233421
2.3013808284971,533.614905046939
2.36808751917817,770.75107375698
2.43479420985925,1488.75929451356
2.50150090054032,779.348985932898
2.5682075912214,355.686905882879
2.63491428190247,487.406967080714
2.70162097258355,636.816560458208
2.76832766326462,904.021120560833
2.8350343539457,981.719577329876
2.90174104462677,341.917115050173
2.96844773530785,944.055058997417
3.03515442598892,911.682791705211
3.10186111667,935.331215220879
3.16856780735108,1168.64667525908
3.23527449803215,1014.93475764839
3.30198118871323,656.099561577527
3.3686878793943,803.01049887866
3.43539457007538,627.076663482332
3.50210126075645,1639.193830636
3.56880795143753,829.538088607842
3.6355146421186,266.743658180908
3.70222133279968,798.345000749638
3.76892802348075,227.974498032594
3.83563471416183,1484.45408969952
3.9023414048429,226.197772730831
3.96904809552398,453.130563836741
4.03575478620505,665.270062598823
4.10246147688613,71.2172023273563
4.1691681675672,530.49600742914
4.23587485824828,299.924037448076
4.30258154892935,1111.81734360522
4.36928823961043,775.554878447374
4.43599493029151,440.712965308529
4.50270162097258,464.656271710995
4.56940831165366,481.329754324814
4.63611500233473,1402.87416629893
4.70282169301581,842.186459551928
4.76952838369688,1087.88160775854
4.83623507437796,1022.6841181209
4.90294176505903,465.677878261371
4.96964845574011,1183.12121721176
5.03635514642118,909.136653182255
5.10306183710226,748.308173284405
5.16976852778333,845.819989652511
5.23647521846441,1016.43178433261
5.30318190914548,718.538442407727
5.36988859982656,545.316673816132
5.43659529050763,215.062265683104
5.50330198118871,1110.9767210752
5.57000867186978,630.575772617151
5.63671536255086,395.596243673466
5.70342205323194,227.107523488574
5.77012874391301,784.138284906161
5.83683543459409,1300.56124454177
5.90354212527516,246.583700822541
5.97024881595624,499.535159855882
6.03695550663731,579.684026665061
6.10366219731839,1194.94892099203
6.17036888799946,1227.87228527098
6.23707557868054,601.198593417792
6.30378226936161,685.50635711563
6.37048896004269,240.453520846994
6.43719565072376,32.2214963476016
6.50390234140484,409.808335243609
6.57060903208591,442.819547140266
6.63731572276699,806.465988189525
6.70402241344806,950.549993887898
6.77072910412914,505.397902696911
6.83743579481021,1203.76172269876
6.90414248549129,340.715204067334
6.97084917617236,813.847616229296
7.03755586685344,1306.64192115425
7.10426255753452,1575.66723265114
7.17096924821559,1447.34838677105
7.23767593889667,684.340189706595
7.30438262957774,1013.79488904892
7.37108932025882,1708.96226706632
7.43779601093989,1914.74519457559
7.50450270162097,782.796298363342
7.57120939230204,571.405987040825
7.63791608298312,1102.5826232298
7.70462277366419,979.988570268398
7.77132946434527,1446.06065697925
7.83803615502634,763.36584877596
7.90474284570742,596.685805146891
7.97144953638849,769.962264033632
8.03815622706957,368.839247390076
8.10486291775064,830.069562769017
8.17156960843172,352.544380516448
8.2382762991128,857.911916706226
8.30498298979387,667.156085059025
8.37168968047495,1328.41204836358
8.43839637115602,1174.29589665284
8.5051030618371,238.422064139961
8.57180975251817,583.348932385949
8.63851644319925,631.701306739102
8.70522313388032,2106.80484023688
8.7719298245614,839.893374180862
8.83863651524247,700.081761282313
8.90534320592355,349.316203725606
8.97204989660462,1719.35349599265
9.0387565872857,1235.29666787171
9.10546327796677,678.452097535727
9.17216996864785,1223.83238067169
9.23887665932892,781.892679767178
9.30558335001,1453.73354312227
9.37229004069107,1073.62186322303
9.43899673137215,1111.79509449132
9.50570342205322,623.527356377802
9.5724101127343,1154.94032652384
9.63911680341538,970.707261522748
9.70582349409645,1898.77004111438
9.77253018477753,985.207416423937
9.8392368754586,1055.22015013721
9.90594356613968,776.317670573574
9.97265025682075,2130.61072717265
10.0393569475018,756.534468894704
10.1060636381829,1056.83193645314
10.172770328864,1023.66390390815
10.2394770195451,871.100503189278
10.3061837102261,2028.58142845394
10.3728904009072,537.192141027813
10.4395970915883,820.379807551406
10.5063037822694,1403.03709909474
10.5730104729504,2486.82870477201
10.6397171636315,593.440307513195
10.7064238543126,986.290948983006
10.7731305449937,586.352912048863
10.8398372356747,1929.08364509263
10.9065439263558,2134.38801392738
10.9732506170369,144.757226777026
11.039957307718,1566.37661192636
11.106663998399,564.509884095896
11.1733706890801,1359.30575124889
11.2400773797612,1045.25301809941
11.3067840704423,571.642615151076
11.3734907611233,623.181850385035
11.4401974518044,1003.19587761476
11.5069041424855,593.965223480359
11.5736108331666,391.242685334188
11.6403175238476,415.00754256667
11.7070242145287,1149.23720471347
11.7737309052098,609.362164117103
11.8404375958909,760.238629878581
11.9071442865719,710.546870650308
11.973850977253,626.757678270546
12.0405576679341,1266.04067079796
12.1072643586152,1146.81397894837
12.1739710492962,401.459732570493
12.2406777399773,786.611423121025
12.3073844306584,614.121163027475
12.3740911213395,732.674257757979
12.4407978120205,451.817042288571
12.5075045027016,148.548405361794
12.5742111933827,728.126713904458
12.6409178840638,437.323357805702
12.7076245747448,626.608897704029
12.7743312654259,534.974078528514
12.841037956107,73.0030633565941
12.9077446467881,924.458317242355
12.9744513374691,610.944647175621
13.0411580281502,482.717864933387
13.1078647188313,1090.56012405846
13.1745714095124,475.813809976355
13.2412781001934,388.589187618606
13.3079847908745,691.222722816934
13.3746914815556,813.805989974576
13.4413981722367,919.236421984846
13.5081048629177,779.740536676844
13.5748115535988,689.418661389717
13.6415182442799,1101.59081193342
13.708224934961,1787.1310047121
13.774931625642,971.611778537132
13.8416383163231,1111.95050853764
13.9083450070042,1262.33966153432
13.9750516976853,1766.75464655256
14.0417583883663,1625.31238376328
14.1084650790474,1146.40912442118
14.1751717697285,578.081277594768
14.2418784604096,1103.85644926469
14.3085851510906,757.303838254383
14.3752918417717,945.663158903836
14.4419985324528,682.866867503617
14.5087052231339,393.037831595852
14.5754119138149,115.866558812816
14.642118604496,828.156624712678
14.7088252951771,942.226242942458
14.7755319858582,550.710219587944
14.8422386765392,1059.29562368377
14.9089453672203,698.463781740684
14.9756520579014,470.669892622293
15.0423587485825,328.974924791284
15.1090654392635,1234.49174615824
15.1757721299446,1372.63191421325
15.2424788206257,586.520490612437
15.3091855113068,389.240517084691
15.3758922019878,355.392990035705
15.4425988926689,1028.82621566726
15.50930558335,1199.67447225291
15.5760122740311,445.216287218305
15.6427189647121,540.103394531635
15.7094256553932,622.535456194022
15.7761323460743,888.880595868494
15.8428390367554,1454.06154030272
15.9095457274365,178.274587831069
15.9762524181175,761.777277934168
16.0429591087986,425.38984307228
16.1096657994797,921.669500091482
16.1763724901608,761.356565617041
16.2430791808418,456.668605624859
16.3097858715229,698.295825665612
16.376492562204,613.140466414416
16.4431992528851,1050.56824359491
16.5099059435661,966.117229308226
16.5766126342472,52.4447489431424
16.6433193249283,269.505617952253
16.7100260156094,1018.14741593687
16.7767327062904,773.2758365378
16.8434393969715,427.385825431877
16.9101460876526,675.288202696807
16.9768527783337,705.956053153188
17.0435594690147,660.750032351324
17.1102661596958,603.223392253728
17.1769728503769,765.037211920582
17.243679541058,380.845272188451
17.310386231739,260.179250177614
17.3770929224201,569.11974826131
17.4437996131012,369.54785206375
17.5105063037823,665.181777327983
17.5772129944633,556.14550828992
17.6439196851444,263.942790601807
17.7106263758255,729.257626007022
17.7773330665066,603.017972531866
17.8440397571876,123.291332226397
17.9107464478687,919.697171620884
17.9774531385498,1022.55737186103
18.0441598292309,489.200114244413
18.1108665199119,776.692558793372
18.177573210593,679.48546384366
18.2442799012741,714.827271823239
18.3109865919552,343.650919091522
18.3776932826362,286.01885980284
18.4443999733173,511.6001753793
18.5111066639984,829.356934079576
18.5778133546795,442.770777242837
18.6445200453605,461.927196230427
18.7112267360416,377.548714345376
18.7779334267227,120.015272757254
18.8446401174038,40.7589361564706
18.9113468080848,913.081422851403
18.9780534987659,669.710060168622
19.044760189447,685.223813118569
19.1114668801281,227.270720359308
19.1781735708091,812.75818052655
19.2448802614902,1376.28858251108
19.3115869521713,561.907852318634
19.3782936428524,916.858796920332
19.4450003335334,419.71513494671
19.5117070242145,1347.22147090043
19.5784137148956,1254.71855039644
19.6451204055767,406.492102722103
19.7118270962577,813.424477675692
19.7785337869388,1519.47120906338
19.8452404776199,1003.174753972
19.911947168301,737.486550272583
19.978653858982,788.939330770284
20.0453605496631,718.073528051089
20.1120672403442,1457.54684641028
20.1787739310253,964.862492921317
20.2454806217063,1063.07388454606
20.3121873123874,680.833401162705
20.3788940030685,420.396156537536
20.4456006937496,147.858215881166
20.5123073844306,1513.97618347462
20.5790140751117,1287.91580920296
20.6457207657928,396.525833984064
20.7124274564739,1342.32748016628
20.7791341471549,972.209322526496
20.845840837836,1288.13189135157
20.9125475285171,1286.88258138423
20.9792542191982,1314.0793775456
21.0459609098792,2069.0426982404
21.1126676005603,847.291342873726
21.1793742912414,1229.08234748324
21.2460809819225,1055.68320542921
21.3127876726035,1577.10080149624
21.3794943632846,1391.79437350826
21.4462010539657,528.458408684619
21.5129077446468,1026.2469940862
21.5796144353278,997.959496249376
21.6463211260089,682.323878371141
21.71302781669,400.294540431382
21.7797345073711,830.177707734976
21.8464411980521,1338.73769718505
21.9131478887332,510.791760355671
21.9798545794143,373.186727668354
22.0465612700954,774.661579709149
22.1132679607765,1022.10882037258
22.1799746514575,493.683176162739
22.2466813421386,318.335712047387
22.3133880328197,730.017315079838
22.3800947235008,465.888397590637
22.4468014141818,648.406103100923
22.5135081048629,563.068731245022
22.580214795544,193.946199994817
22.6469214862251,159.583580122145
22.7136281769061,1087.88976225526
22.7803348675872,1080.16350671442
22.8470415582683,820.849055306328
22.9137482489494,696.905976736922
22.9804549396304,795.52190486046
23.0471616303115,899.995883978475
23.1138683209926,922.455376066445
23.1805750116737,1115.03216438068
23.2472817023547,592.255905655673
23.3139883930358,1019.24011240383
23.3806950837169,615.60456069614
23.447401774398,722.143722671535
23.514108465079,1444.06209156217
23.5808151557601,427.723710359163
23.6475218464412,884.884963566052
23.7142285371223,963.599318893203
23.7809352278033,542.171502357862
23.8476419184844,765.060727484281
23.9143486091655,351.822879838092
23.9810552998466,1202.14241565682
24.0477619905276,798.711884912781
24.1144686812087,769.773632366449
24.1811753718898,120.192648146375
24.2478820625709,1219.78187518015
24.3145887532519,1212.20402247106
24.381295443933,333.816904101784
24.4480021346141,1244.7445693115
24.5147088252952,673.705066157211
24.5814155159762,1079.97037191811
24.6481222066573,515.844083054468
24.7148288973384,895.031709318464
24.7815355880195,919.69199943783
24.8482422787005,761.975194054198
24.9149489693816,508.975131922872
24.9816556600627,764.865274549948
25.0483623507438,695.915935342346
25.1150690414248,254.820298078356
25.1817757321059,947.21890375586
25.248482422787,801.108360790278
25.3151891134681,821.121866405088
25.3818958041491,85.5853215514766
25.4486024948302,454.684084201417
25.5153091855113,1232.075454566
25.5820158761924,964.178430480085
25.6487225668734,912.589177571847
25.7154292575545,336.01350856977
25.7821359482356,460.881485312461
25.8488426389167,1381.12765042894
25.9155493295977,269.091756924079
25.9822560202788,506.664699892108
26.0489627109599,313.181373092225
26.115669401641,848.79390800156
26.182376092322,850.688651256333
26.2490827830031,604.733500015553
26.3157894736842,539.021391908843
26.3824961643653,168.998075500232
26.4492028550463,1170.38259260091
26.5159095457274,874.352267412761
26.5826162364085,586.51051792978
26.6493229270896,858.907905242964
26.7160296177706,489.738404446583
26.7827363084517,817.840887877823
26.8494429991328,1018.92200938159
26.9161496898139,836.928873634697
26.9828563804949,1067.20996866003
27.049563071176,515.47092640457
27.1162697618571,653.342246599495
27.1829764525382,1221.65784030811
27.2496831432192,790.701553529241
27.3163898339003,936.045030879118
27.3830965245814,441.00897349255
27.4498032152625,747.524029190153
27.5165099059435,681.444043248414
27.5832165966246,243.506868505419
27.6499232873057,679.862114731946
27.7166299779868,250.155167838314
27.7833366686678,399.084633446599
27.8500433593489,1011.08347958851
27.91675005003,427.207040531852
27.9834567407111,737.796622926806
28.0501634313921,260.580855136005
28.1168701220732,277.595775119139
28.1835768127543,848.600960366641
28.2502835034354,356.609221678929
28.3169901941164,938.233000932537
28.3836968847975,868.235184391384
28.4504035754786,403.735162008054
28.5171102661597,585.766812724038
28.5838169568407,276.905739864826
28.6505236475218,938.791834225959
28.7172303382029,861.163883265767
28.783937028884,424.204031802155
28.8506437195651,477.477714639672
28.9173504102461,283.310930405103
28.9840571009272,816.211834289369
29.0507637916083,141.507878556036
29.1174704822894,105.416559508819
29.1841771729704,371.964080975226
29.2508838636515,642.074194355383
29.3175905543326,361.792140494211
29.3842972450137,475.237342860304
29.4510039356947,344.092556503771
29.5177106263758,447.479397033075
29.5844173170569,621.793508131791
29.651124007738,456.859386124344
29.717830698419,706.342765182524
29.7845373891001,526.527734992664
29.8512440797812,165.33868607099
29.9179507704623,493.38130374074
29.9846574611433,228.860314328977
30.0513641518244,243.76814146603
30.1180708425055,394.807121922087
30.1847775331866,343.984853383516
30.2514842238676,559.06304909187
30.3181909145487,352.969857907303
30.3848976052298,833.482168723671
30.4516042959109,329.306682091666
30.5183109865919,218.117360290793
30.585017677273,880.996748656622
30.6517243679541,803.30612404355
30.7184310586352,241.780590577659
30.7851377493162,1073.75085376143
30.8518444399973,396.440377782893
30.9185511306784,786.169840095737
30.9852578213595,580.579087353369
31.0519645120405,795.059184998125
31.1186712027216,1048.2240605241
31.1853778934027,327.723041774165
31.2520845840838,459.695591890777
31.3187912747648,465.355011361299
31.3854979654459,995.805333177604
31.452204656127,116.077662280572
31.5189113468081,433.479567668339
31.5856180374891,601.452414918492
31.6523247281702,162.223876426249
31.7190314188513,769.259128776292
31.7857381095324,651.802577304447
31.8524448002134,495.589541165287
31.9191514908945,531.412488057762
31.9858581815756,487.528401723421
32.0525648722567,1187.71521776496
32.1192715629377,1085.84938388935
32.1859782536188,27.0066479709538
32.2526849442999,441.816257260088
32.319391634981,882.684262225202
32.386098325662,1120.05843490832
32.4528050163431,477.967010518542
32.5195117070242,259.161061074818
32.5862183977053,312.86789500355
32.6529250883863,738.996821943033
32.7196317790674,241.324342648488
32.7863384697485,496.091690700229
32.8530451604296,401.370132379713
32.9197518511106,201.114991246754
32.9864585417917,437.396020345246
33.0531652324728,579.100185000995
33.1198719231539,770.973975016399
33.1865786138349,544.17728062403
33.253285304516,536.989230705778
33.3199919951971,487.826811964851
33.3866986858782,414.601337844228
33.4534053765592,1137.79158599926
33.5201120672403,470.493443722192
33.5868187579214,105.218134560693
33.6535254486025,330.67809058371
33.7202321392835,808.148962858365
33.7869388299646,1164.73323467365
33.8536455206457,131.016697111058
33.9203522113268,591.954082517751
33.9870589020078,720.156043115857
34.0537655926889,1014.23162602109
34.12047228337,1068.53775983313
34.1871789740511,355.569641392473
34.2538856647321,812.680053830545
34.3205923554132,504.579201233349
34.3872990460943,1033.42503134295
34.4540057367754,735.564824493683
34.5207124274565,254.704124267256
34.5874191181375,410.128207439846
34.6541258088186,221.275368299234
34.7208324994997,228.507413933687
34.7875391901808,213.53737782291
34.8542458808618,453.615286994755
34.9209525715429,426.765401745337
34.987659262224,154.238547044275
35.0543659529051,64.1630817305242
35.1210726435861,279.476001445763
35.1877793342672,425.161867596694
35.2544860249483,415.139123562142
35.3211927156294,628.691933325865
35.3878994063104,109.046620756808
35.4546060969915,285.10650865669
35.5213127876726,358.058844868356
35.5880194783537,632.640135086972
35.6547261690347,853.600092463861
35.7214328597158,124.111225778992
35.7881395503969,261.123207501981
35.854846241078,411.017281537556
35.921552931759,768.727882354501
35.9882596224401,926.719344274693
36.0549663131212,268.7230131059
36.1216730038023,699.387347684815
36.1883796944833,475.618400102933
36.2550863851644,772.825907050682
36.3217930758455,811.923939335097
36.3884997665266,598.543867226337
36.4552064572076,456.346518072314
36.5219131478887,880.956471473139
36.5886198385698,796.646825460468
36.6553265292509,858.836314653013
36.7220332199319,647.94544073341
36.788739910613,170.072718633987
36.8554466012941,1042.40291299273
36.9221532919752,1020.90432981447
36.9888599826562,692.24409648034
37.0555666733373,32.3068975111228
37.1222733640184,516.95048560293
37.1889800546995,889.64021208813
37.2556867453805,811.269633844285
37.3223934360616,162.118698365363
37.3891001267427,505.209444095114
37.4558068174238,751.142813795342
37.5225135081048,590.531717936386
37.5892201987859,83.2205455126452
37.655926889467,308.044455685007
37.7226335801481,521.262663317919
37.7893402708291,295.734263567356
37.8560469615102,147.167489613314
37.9227536521913,578.519744724059
37.9894603428724,400.73840363591
38.0561670335534,396.593073995649
38.1228737242345,686.168204512889
38.1895804149156,303.677978103018
38.2562871055967,603.686337640074
38.3229937962777,750.445153405539
38.3897004869588,983.570563758509
38.4564071776399,725.848321211541
38.523113868321,658.326743801357
38.589820559002,544.999373109937
38.6565272496831,1214.59927632657
38.7232339403642,1241.79444267799
38.7899406310453,517.457078883935
38.8566473217263,728.610987078039
38.9233540124074,850.845353774954
38.9900607030885,1327.71153282811
39.0567673937696,1116.54318346714
39.1234740844506,10.958973018202
39.1901807751317,1015.37031676212
39.2568874658128,356.40103533467
39.3235941564939,757.436857963281
39.3903008471749,792.040953568589
39.457007537856,603.980867052891
39.5237142285371,712.134862627433
39.5904209192182,410.425749029948
39.6571276098992,688.981950256742
39.7238343005803,566.50207033747
39.7905409912614,220.66798354128
39.8572476819425,478.22588849384
39.9239543726235,282.603639779168
39.9906610633046,276.119629768183
40.0573677539857,492.993061333088
40.1240744446668,249.950182137796
40.1907811353478,139.631310206898
40.2574878260289,578.937903549058
40.32419451671,356.287516865087
40.3909012073911,152.230246412443
40.4576078980721,160.809273937643
40.5243145887532,531.093298997273
40.5910212794343,643.123008667635
40.6577279701154,549.021816526768
40.7244346607964,907.799248999593
40.7911413514775,456.154538289288
40.8578480421586,413.573219532922
40.9245547328397,346.300054532629
40.9912614235207,901.50759937923
41.0579681142018,1123.37827038133
41.1246748048829,267.798242175482
41.191381495564,249.494899222435
41.2580881862451,545.578619466213
41.3247948769261,584.418628085798
41.3915015676072,705.843229476614
41.4582082582883,215.789979947948
41.5249149489694,406.335972648827
41.5916216396504,193.770343965731
41.6583283303315,754.339535480648
41.7250350210126,877.222877179323
41.7917417116937,69.1298641271041
41.8584484023747,141.886030601737
41.9251550930558,473.386206816905
41.9918617837369,911.599442775327
42.058568474418,886.015782736028
42.125275165099,503.119273095783
42.1919818557801,381.548788653918
42.2586885464612,481.853891134423
42.3253952371423,1224.67820210878
42.3921019278233,1180.73862721343
42.4588086185044,788.704693437344
42.5255153091855,104.002648904898
42.5922219998666,634.868876861402
42.6589286905476,1395.15469300293
42.7256353812287,1217.31508125037
42.7923420719098,517.432567092136
42.8590487625909,426.670748620342
42.9257554532719,627.356765835313
42.992462143953,1292.80744767767
43.0591688346341,981.705131364183
43.1258755253152,60.4927884024634
43.1925822159962,449.60906311616
43.2592889066773,657.190376927637
43.3259955973584,1088.63308639177
43.3927022880395,1024.57621111558
43.4594089787205,263.796925638457
43.5261156694016,259.990632146498
43.5928223600827,401.847063495525
43.6595290507638,980.760561071099
43.7262357414448,1103.47033804004
43.7929424321259,177.10417376439
43.859649122807,305.629277017195
43.9263558134881,116.436075245827
43.9930625041691,974.184024861402
44.0597691948502,709.722742101965
44.1264758855313,69.4564305561199
44.1931825762124,154.002283383822
44.2598892668934,306.390823435872
44.3265959575745,438.774136111525
44.3933026482556,236.659000974098
44.4600093389367,343.943681731905
44.5267160296177,589.011730111226
44.5934227202988,749.282777028515
44.6601294109799,209.655476907586
44.726836101661,459.275163831937
44.793542792342,306.3319981893
44.8602494830231,84.4980435323759
44.9269561737042,978.125451687213
44.9936628643853,127.788731957144
45.0603695550663,752.128818386031
45.1270762457474,506.647220632597
45.1937829364285,287.419838440154
45.2604896271096,504.1292077531
45.3271963177906,370.531021220707
45.3939030084717,452.356143406892
45.4606096991528,211.642226072593
45.5273163898339,530.897419275015
45.5940230805149,664.096676956814
45.660729771196,102.182171943125
45.7274364618771,159.555402962792
45.7941431525582,443.277815334735
45.8608498432392,721.2220221797
45.9275565339203,641.141311775641
45.9942632246014,442.446761955027
46.0609699152825,386.717963270805
46.1276766059635,683.87715116768
46.1943832966446,753.757048537815
46.2610899873257,336.298757813814
46.3277966780068,524.536664872204
46.3945033686878,426.361517007302
46.4612100593689,681.076490066676
46.52791675005,913.320854137609
46.5946234407311,331.28227363151
46.6613301314122,332.530233037287
46.7280368220932,276.380481998411
46.7947435127743,808.427839986621
46.8614502034554,370.842752751775
46.9281568941364,349.172490589126
46.9948635848175,173.768907713422
47.0615702754986,374.719037344635
47.1282769661797,502.983662524782
47.1949836568607,109.061539644064
47.2616903475418,239.819093006142
47.3283970382229,543.152176350255
47.395103728904,540.511790413612
47.461810419585,563.512880494071
47.5285171102661,577.652476845362
47.5952238009472,564.851346928057
47.6619304916283,369.638427150838
47.7286371823093,961.931790169564
47.7953438729904,893.544327064301
47.8620505636715,932.09597915624
47.9287572543526,595.271495970031
47.9954639450337,336.226889821594
48.0621706357147,945.553280989931
48.1288773263958,973.608199864161
48.1955840170769,598.976948653309
48.262290707758,501.908849777087
48.328997398439,97.8554121416247
48.3957040891201,1327.83224814667
48.4624107798012,785.417496504634
48.5291174704823,514.353746379077
48.5958241611633,727.583992397005
48.6625308518444,559.480656650224
48.7292375425255,1478.0942556766
48.7959442332066,302.60514510619
48.8626509238876,559.858209328037
48.9293576145687,625.655045096126
48.9960643052498,642.540425982192
49.0627709959309,751.923278283634
49.1294776866119,395.5208122657
49.196184377293,715.042168939556
49.2628910679741,786.106454460484
49.3295977586552,452.911848807379
49.3963044493362,515.253599320932
49.4630111400173,537.248919894824
49.5297178306984,641.453588226984
49.5964245213795,622.122155885328
49.6631312120605,254.814347247164
49.7298379027416,145.31199059069
49.7965445934227,72.5563570589012
49.8632512841038,423.163413285717
49.9299579747848,883.132435430534
49.9966646654659,326.426140519337
50.063371356147,393.107623576109
50.1300780468281,840.736524654103
50.1967847375091,171.653759926988
50.2634914281902,946.489381717124
50.3301981188713,343.056966526766
50.3969048095524,747.827632744147
50.4636115002334,1202.29734503409
50.5303181909145,210.240717803458
50.5970248815956,613.173553522608
50.6637315722767,467.303620458994
50.7304382629577,690.738690113356
50.7971449536388,606.837157886889
50.8638516443199,318.215043111705
50.930558335001,239.841549121198
50.997265025682,333.194619792497
51.0639717163631,268.346341774249
51.1306784070442,646.050669925042
51.1973850977253,350.764612371545
51.2640917884063,171.390653492495
51.3307984790874,203.097772136368
51.3975051697685,373.646296648443
51.4642118604496,746.894117735399
51.5309185511306,196.491375835585
51.5976252418117,422.867853321022
51.6643319324928,514.952791224223
51.7310386231739,658.72756899758
51.7977453138549,545.169806714788
51.864452004536,551.419727228495
51.9311586952171,322.086541363943
51.9978653858982,214.883785973496
52.0645720765792,660.889314681458
52.1312787672603,288.964163304824
52.1979854579414,540.012599578331
52.2646921486225,293.755393087311
52.3313988393035,275.82927957818
52.3981055299846,871.214903678081
52.4648122206657,397.979391961792
52.5315189113468,536.104672215119
52.5982256020278,630.364144420207
52.6649322927089,699.093477384927
52.73163898339,635.942795335496
52.7983456740711,842.200557369884
52.8650523647521,392.789592830284
52.9317590554332,963.7718530399
52.9984657461143,1002.55232861918
53.0651724367954,273.954422666507
53.1318791274764,658.812407339318
53.1985858181575,419.004616203054
53.2652925088386,1031.07883170995
53.3319991995197,309.42068623491
53.3987058902008,452.571066370883
53.4654125808818,430.078072703341
53.5321192715629,523.647280345068
53.598825962244,1299.87783955748
53.6655326529251,342.477284461201
53.7322393436061,488.155610433985
53.7989460342872,87.9586883367522
53.8656527249683,1198.70309918704
53.9323594156494,1310.80608434729
53.9990661063304,113.966261779504
54.0657727970115,517.924089434385
54.1324794876926,538.769587017222
54.1991861783737,980.65515064362
54.2658928690547,847.669623004819
54.3325995597358,273.528720255
54.3993062504169,623.434736035454
54.466012941098,169.831691906894
54.532719631779,398.53115250563
54.5994263224601,557.642450344488
54.6661330131412,323.212788026726
54.7328397038223,888.213031586217
54.7995463945033,469.224359455149
54.8662530851844,546.23189790247
54.9329597758655,207.180195200096
54.9996664665466,280.864677606194
55.0663731572276,836.7606646101
55.1330798479087,185.539397924222
55.1997865385898,396.71653518762
55.2664932292709,241.651554525735
55.3331999199519,422.853598459045
55.399906610633,407.631108059193
55.4666133013141,338.876018109482
55.5333199919952,130.849025970183
55.6000266826762,289.600082513971
55.6667333733573,385.77216265283
55.7334400640384,282.295972393112
55.8001467547195,533.599075316414
55.8668534454005,399.814701471662
55.9335601360816,301.788079044553
56.0002668267627,443.97509344721
56.0669735174438,146.088989620257
56.1336802081248,634.788264128771
56.2003868988059,478.447751299658
56.267093589487,298.124471367794
56.3338002801681,406.377598680477
56.4005069708491,195.327759497162
56.4672136615302,328.835055302598
56.5339203522113,87.1214300454621
56.6006270428924,193.105220075399
56.6673337335734,415.559554036618
56.7340404242545,248.692542914888
56.8007471149356,678.510733589867
56.8674538056167,545.602945046172
56.9341604962977,108.698847705492
57.0008671869788,581.854216434225
57.0675738776599,304.20549816523
57.134280568341,958.2714222513
57.200987259022,352.358670362587
57.2676939497031,511.004023612663
57.3344006403842,668.831505419321
57.4011073310653,381.987569475939
57.4678140217463,649.834804577805
57.5345207124274,320.406679317496
57.6012274031085,512.679041687293
57.6679340937896,410.314932455445
57.7346407844706,388.663199809026
57.8013474751517,659.524354149699
57.8680541658328,413.424839571621
57.9347608565139,414.14254655766
58.0014675471949,128.53225901699
58.068174237876,747.945386506909
58.1348809285571,486.113022951504
58.2015876192382,373.709299295816
58.2682943099192,410.558803301417
58.3350010006003,370.83592424401
58.4017076912814,421.299326911643
58.4684143819625,286.76883338958
58.5351210726435,474.64482673042
58.6018277633246,998.200163617593
58.6685344540057,155.549720942734
58.7352411446868,289.614320721108
58.8019478353678,403.844361104301
58.8686545260489,861.418842221987
58.93536121673,508.266096182974
59.0020679074111,595.576737737739
59.0687745980921,576.618935878934
59.1354812887732,313.401668166287
59.2021879794543,618.730407229554
59.2688946701354,379.147623454113
59.3356013608164,680.309557372392
59.4023080514975,524.701167811892
59.4690147421786,287.631893308411
59.5357214328597,298.388808225437
59.6024281235407,576.392045003779
59.6691348142218,230.811983624976
59.7358415049029,117.365008291552
59.802548195584,398.227668164872
59.869254886265,277.873343897767
59.9359615769461,332.684633593477
60.0026682676272,945.801623256257
60.0693749583083,517.099666616931
60.1360816489894,361.121922706292
60.2027883396704,397.937653369289
60.2694950303515,608.070602807423
60.3362017210326,951.28346121049
60.4029084117137,212.970683138897
60.4696151023947,268.761169722234
60.5363217930758,507.03795995763
60.6030284837569,830.632041708835
60.669735174438,233.363660511762
60.736441865119,620.751416232597
60.8031485558001,365.15289733731
60.8698552464812,401.080919285602
60.9365619371623,847.806073819015
61.0032686278433,487.835136137382
61.0699753185244,265.176004260768
61.1366820092055,383.208915724696
61.2033886998866,289.574971857193
61.2700953905676,1111.74194847191
61.3368020812487,280.447362864323
61.4035087719298,474.649437295738
61.4702154626109,460.841100597349
61.5369221532919,653.464683275428
61.603628843973,737.571772539641
61.6703355346541,385.533129148
61.7370422253352,412.629219176195
61.8037489160162,307.844241612043
61.8704556066973,500.750007513424
61.9371622973784,382.192578034624
62.0038689880595,449.578370063374
62.0705756787405,930.788488289554
62.1372823694216,348.928570323107
62.2039890601027,398.616941641926
62.2706957507838,111.359300087589
62.3374024414648,785.445935240314
62.4041091321459,1379.37073596326
62.470815822827,697.693174680605
62.5375225135081,619.56879369723
62.6042292041891,194.953947782063
62.6709358948702,1007.8003478955
62.7376425855513,1187.40545623768
62.8043492762324,395.019945398372
62.8710559669134,477.952579741567
62.9377626575945,428.49760547256
63.0044693482756,684.996062831386
63.0711760389567,582.075584741391
63.1378827296377,171.159801559396
63.2045894203188,326.257978327132
63.2712961109999,426.100520701691
63.338002801681,527.112916524716
63.404709492362,202.288162332118
63.4714161830431,273.68317055804
63.5381228737242,218.918145750034
63.6048295644053,705.030111261395
63.6715362550863,345.771087692661
63.7382429457674,336.069569295222
63.8049496364485,523.913796499443
63.8716563271296,774.289402136246
63.9383630178106,918.681313496621
64.0050697084917,210.677561358471
64.0717763991728,338.845602601569
64.1384830898539,993.505939650589
64.2051897805349,814.333143758184
64.271896471216,816.611622672707
64.3386031618971,323.880146397252
64.4053098525782,676.470997855954
64.4720165432592,779.192299041449
64.5387232339403,506.207518369907
64.6054299246214,505.607039030519
64.6721366153025,431.561007217968
64.7388433059836,518.728570340538
64.8055499966646,314.325710982131
64.8722566873457,450.865518795277
64.9389633780268,213.14541551832
65.0056700687078,517.698902545094
65.0723767593889,453.914294236806
65.13908345007,694.17066643423
65.2057901407511,531.234862542179
65.2724968314322,164.749412014108
65.3392035221132,197.367018161028
65.4059102127943,486.65065880601
65.4726169034754,834.074464348358
65.5393235941564,240.777036816888
65.6060302848375,207.146702206372
65.6727369755186,346.897260717648
65.7394436661997,448.046601336984
65.8061503568807,448.408191514629
65.8728570475618,209.128702687957
65.9395637382429,472.481612894994
66.006270428924,626.185753052299
66.0729771196051,246.705510953829
66.1396838102861,500.530014385976
66.2063905009672,426.666718969431
66.2730971916483,499.818190137602
66.3398038823293,410.482657093241
66.4065105730104,262.735366068464
66.4732172636915,790.440947723406
66.5399239543726,249.398875837919
66.6066306450537,89.7499278029917
66.6733373357347,422.486911452096
66.7400440264158,562.454124888223
66.8067507170969,492.681990628314
66.8734574077779,502.842533732938
66.940164098459,405.410269418037
67.0068707891401,451.541977868698
67.0735774798212,1157.60935566038
67.1402841705023,849.609078923727
67.2069908611833,622.271176226753
67.2736975518644,76.4455176540246
67.3404042425455,619.522175837521
67.4071109332265,1245.62938862258
67.4738176239076,756.01544092908
67.5405243145887,424.344760549736
67.6072310052698,164.835830291903
67.6739376959509,934.274027748079
67.7406443866319,840.837852990365
67.807351077313,488.359363342512
67.8740577679941,255.329492622199
67.9407644586752,177.406027000017
68.0074711493562,593.793525543387
68.0741778400373,575.729043673614
68.1408845307184,380.384954319622
68.2075912213995,358.266095221345
68.2742979120805,380.132998730001
68.3410046027616,41.0949314704897
68.4077112934427,556.601935566892
68.4744179841238,637.433373582399
68.5411246748048,498.325627591294
68.6078313654859,674.259404946352
68.674538056167,618.615824530945
68.7412447468481,628.146658546031
68.8079514375291,686.401642147876
68.8746581282102,552.985126077999
68.9413648188913,630.815803384725
69.0080715095724,404.631915326263
69.0747782002534,682.152215172782
69.1414848909345,569.614085178565
69.2081915816156,64.7384363456596
69.2748982722967,180.762096899301
69.3416049629777,572.297310258312
69.4083116536588,642.009389765793
69.4750183443399,32.4695655235972
69.541725035021,361.194426772889
69.608431725702,187.457503189423
69.6751384163831,482.535656890018
69.7418451070642,178.744869680297
69.8085517977453,507.761907387993
69.8752584884263,437.814418615484
69.9419651791074,225.277638517695
70.0086718697885,602.489394532921
70.0753785604696,745.499942217836
70.1420852511506,497.075922809133
70.2087919418317,249.213473759647
70.2754986325128,361.589154017948
70.3422053231939,745.853486855626
70.4089120138749,533.200736055256
70.475618704556,512.655895586939
70.5423253952371,236.800529381161
70.6090320859182,318.363205977855
70.6757387765992,421.785365338893
70.7424454672803,254.224696333888
70.8091521579614,432.409309216547
70.8758588486425,333.645462173557
70.9425655393235,481.136235175777
71.0092722300046,856.171992729984
71.0759789206857,168.121679352396
71.1426856113668,247.646196460759
71.2093923020478,457.030210592835
71.2760989927289,1136.37787077738
71.34280568341,915.991352378751
71.4095123740911,295.222238211821
71.4762190647722,407.453046636942
71.5429257554532,529.633655126059
71.6096324461343,834.919123565675
71.6763391368154,758.26466506002
71.7430458274964,391.124296905296
71.8097525181775,66.947818277535
71.8764592088586,330.62965787182
71.9431658995397,390.835337842324
72.0098725902208,378.866519596507
72.0765792809018,284.835387790763
72.1432859715829,208.080773647794
72.209992662264,543.422527510451
72.276699352945,207.152950499676
72.3434060436261,279.795998172184
72.4101127343072,403.17627175214
72.4768194249883,450.921691901469
72.5435261156694,849.774499372653
72.6102328063504,220.712863194343
72.6769394970315,213.285253237202
72.7436461877126,641.812161690901
72.8103528783937,589.111195596577
72.8770595690747,839.866820717068
72.9437662597558,227.791996814741
73.0104729504369,436.137849653511
73.077179641118,579.227056647635
73.143886331799,262.488882842768
73.2105930224801,278.0610380082
73.2772997131612,359.516746495996
73.3440064038423,1152.20696634022
73.4107130945233,477.958784106472
73.4774197852044,520.645084299279
73.5441264758855,963.670883986565
73.6108331665666,1070.58328532676
73.6775398572476,735.773123535661
73.7442465479287,133.71912708623
73.8109532386098,565.944031021964
73.8776599292909,807.804257764103
73.9443666199719,574.457366507721
74.011073310653,179.204717336095
74.0777800013341,168.173358077535
74.1444866920151,318.257421495909
74.2111933826962,190.622403149654
74.2779000733773,132.597232751911
74.3446067640584,226.660017779405
74.4113134547395,469.5752700745
74.4780201454205,526.871034683719
74.5447268361016,280.197810118867
74.6114335267827,344.995838775662
74.6781402174638,281.166454090128
74.7448469081448,416.251237498657
74.8115535988259,546.143823746323
74.878260289507,300.006763215939
74.9449669801881,330.553176003151
75.0116736708691,618.269242241462
75.0783803615502,870.212786271395
75.1450870522313,520.151031448334
75.2117937429124,344.42113524721
75.2785004335934,135.620791910324
75.3452071242745,542.073302585392
75.4119138149556,788.655259170169
75.4786205056367,657.518245446399
75.5453271963177,363.465258560534
75.6120338869988,271.431352746387
75.6787405776799,497.384437450402
75.745447268361,803.221246278911
75.812153959042,973.930643485927
75.8788606497231,399.598662249896
75.9455673404042,350.869119782706
76.0122740310853,671.395899286625
76.0789807217663,650.430299654454
76.1456874124474,989.595700932595
76.2123941031285,235.976648540322
76.2791007938096,915.910253153762
76.3458074844906,275.423368792359
76.4125141751717,629.103919565283
76.4792208658528,661.616819793934
76.5459275565339,507.886744127688
76.6126342472149,701.460359128739
76.679340937896,411.4324508003
76.7460476285771,532.220862090676
76.8127543192582,560.272221081715
76.8794610099392,573.813428664935
76.9461677006203,583.897947480356
77.0128743913014,580.430212421836
77.0795810819825,272.227837432609
77.1462877726635,413.273345097892
77.2129944633446,734.910906296383
77.2797011540257,583.35485400777
77.3464078447068,192.669824509841
77.4131145353878,413.372186645005
77.4798212260689,87.4208071616461
77.54652791675,1042.42049157082
77.6132346074311,69.1614304523051
77.6799412981121,110.228673741464
77.7466479887932,325.034714793275
77.8133546794743,608.800614730435
77.8800613701554,920.459913160106
77.9467680608364,423.904443788527
78.0134747515175,92.7944524840343
78.0801814421986,243.930735502341
78.1468881328797,647.37747468755
78.2135948235608,1009.67424094357
78.2803015142418,941.750658747515
78.3470082049229,388.385126397579
78.413714895604,362.93296567602
78.480421586285,205.000780113359
78.5471282769661,850.899517596753
78.6138349676472,822.06669280988
78.6805416583283,544.734413430214
78.7472483490094,322.287085907547
78.8139550396904,86.5653317375249
78.8806617303715,241.785048099659
78.9473684210526,742.154430576392
79.0140751117336,332.812822188311
79.0807818024147,101.388050775487
79.1474884930958,297.042991329017
79.2141951837769,432.076186439147
79.280901874458,273.837080186555
79.347608565139,364.52915597149
79.4143152558201,334.642803138204
79.4810219465012,334.495432501911
79.5477286371823,526.66544626307
79.6144353278633,316.672023189521
79.6811420185444,307.697460085623
79.7478487092255,442.160947571978
79.8145553999066,502.800678480076
79.8812620905876,151.882271223473
79.9479687812687,76.6873594448867
80.0146754719498,402.868933420384
80.0813821626309,297.845282304453
80.1480888533119,574.536695325731
80.214795543993,28.6321854361269
80.2815022346741,285.485847219536
80.3482089253552,223.379540986272
80.4149156160362,435.836881016281
80.4816223067173,280.661162195574
80.5483289973984,402.114378770846
80.6150356880795,342.368239323894
80.6817423787605,523.454274269351
80.7484490694416,167.57047096494
80.8151557601227,558.770579681614
80.8818624508038,167.076838798883
80.9485691414848,345.517462709831
81.0152758321659,748.082446235917
81.081982522847,145.863837956376
81.1486892135281,195.415200144765
81.2153959042091,260.410034766854
81.2821025948902,328.893910483106
81.3488092855713,211.103754314376
81.4155159762524,101.114522102763
81.4822226669334,256.316551913483
81.5489293576145,468.014988674415
81.6156360482956,314.116111573515
81.6823427389767,149.788082082677
81.7490494296577,566.231212247056
81.8157561203388,320.995158630595
81.8824628110199,632.844606367873
81.949169501701,439.774822505797
82.015876192382,395.11696528191
82.0825828830631,716.630754295893
82.1492895737442,300.454122184673
82.2159962644253,537.327846076042
82.2827029551063,197.273298794673
82.3494096457874,718.933720602758
82.4161163364685,360.408698372705
82.4828230271496,589.77403047476
82.5495297178306,511.526793753148
82.6162364085117,611.33185953438
82.6829430991928,939.507720382187
82.7496497898739,264.95254171946
82.8163564805549,632.988103670635
82.883063171236,188.345214800534
82.9497698619171,1200.67842043622
83.0164765525982,1007.82934418785
83.0831832432792,60.7328123943188
83.1498899339603,232.73619426859
83.2165966246414,571.991745647785
83.2833033153225,974.220245976966
83.3500100060035,855.844012303962
83.4167166966846,482.398108874155
83.4834233873657,113.608027821742
83.5501300780468,181.370378967714
83.6168367687279,648.159805215907
83.6835434594089,947.896375130454
83.75025015009,580.570640410152
83.8169568407711,82.1177910406362
83.8836635314521,253.52210438233
83.9503702221332,632.742768356566
84.0170769128143,861.804204087632
84.0837836034954,406.914137826939
84.1504902941764,211.987942567044
84.2171969848575,619.058826167225
84.2839036755386,754.985375928533
84.3506103662197,913.136237534552
84.4173170569007,366.162107447819
84.4840237475818,224.52124302445
84.5507304382629,621.93193615048
84.617437128944,606.070740590685
84.684143819625,385.637544959914
84.7508505103061,545.877792258409
84.8175572009872,520.399612520631
84.8842638916683,598.839351839352
84.9509705823494,552.921620768763
85.0176772730304,241.170862232901
85.0843839637115,595.33016916768
85.1510906543926,459.089570654303
85.2177973450736,386.503051055304
85.2845040357547,503.979216007876
85.3512107264358,623.792022180599
85.4179174171169,497.050216900804
85.484624107798,235.585137289664
85.551330798479,503.327978780699
85.6180374891601,82.9168848183899
85.6847441798412,462.504270848899
85.7514508705222,394.371304355052
85.8181575612033,214.892278578525
85.8848642518844,536.302076112079
85.9515709425655,439.671066753473
86.0182776332466,113.616920667299
86.0849843239276,526.99525063201
86.1516910146087,320.495547826705
86.2183977052898,272.570581141742
86.2851043959709,524.157031523085
86.3518110866519,289.388518379576
86.418517777333,537.345200119129
86.4852244680141,324.155603248495
86.5519311586952,630.607344580824
86.6186378493762,468.132516046928
86.6853445400573,405.378338421538
86.7520512307384,266.614498079424
86.8187579214195,239.622599129113
86.8854646121005,835.814826462987
86.9521713027816,294.677921664319
87.0188779934627,492.734473140943
87.0855846841438,199.549749428973
87.1522913748248,476.652792213115
87.2189980655059,576.139252320074
87.285704756187,453.748918900525
87.3524114468681,411.67906751709
87.4191181375491,615.532816764135
87.4858248282302,694.173998479247
87.5525315189113,253.853900472382
87.6192382095924,684.646082474528
87.6859449002734,92.6641560085728
87.7526515909545,638.798936647052
87.8193582816356,427.791396425357
87.8860649723167,151.911414337581
87.9527716629977,364.011218279779
88.0194783536788,107.155597551265
88.0861850443599,164.102368553231
88.152891735041,319.742320255111
88.219598425722,81.8757517587893
88.2863051164031,533.288321660949
88.3530118070842,138.53957738327
88.4197184977653,225.390545353423
88.4864251884463,520.35042167028
88.5531318791274,86.7858446458628
88.6198385698085,365.283436718061
88.6865452604896,136.403790937423
88.7532519511706,159.15992643581
88.8199586418517,525.65775656113
88.8866653325328,347.290553172696
88.9533720232139,272.17832509243
89.0200787138949,303.615363453209
89.086785404576,129.900428243048
89.1534920952571,98.6717095908539
89.2201987859382,847.13359768939
89.2869054766192,202.507372715546
89.3536121673003,279.763518841511
89.4203188579814,449.272486041271
89.4870255486625,835.330316348165
89.5537322393435,661.631727129547
89.6204389300246,414.119029673831
89.6871456207057,160.467319071448
89.7538523113868,495.857481582887
89.8205590020678,610.301203260327
89.8872656927489,221.820301584668
89.95397238343,385.461567462366
90.0206790741111,349.446233305994
90.0873857647921,271.409059473326
90.1540924554732,155.128327877887
90.2207991461543,616.578004277513
90.2875058368354,566.924626912888
90.3542125275165,516.048784950356
90.4209192181975,318.674052599242
90.4876259088786,471.468488005157
90.5543325995597,258.492681964269
90.6210392902407,944.134871290092
90.6877459809218,177.342933653414
90.7544526716029,198.124710881854
90.821159362284,747.966175729826
90.8878660529651,650.112718693114
90.9545727436461,607.664753494483
91.0212794343272,75.8083485689552
91.0879861250083,64.9434819879811
91.1546928156893,327.687599184583
91.2213995063704,477.071973753906
91.2881061970515,234.277742685285
91.3548128877326,607.898811501888
91.4215195784137,469.580474194253
91.4882262690947,300.46985590741
91.5549329597758,198.407146138824
91.6216396504569,143.25231403083
91.688346341138,531.003202927146
91.755053031819,1039.38199664544
91.8217597225001,515.838445087151
91.8884664131812,416.344124635155
91.9551731038623,153.53229658192
92.0218797945433,938.24948377801
92.0885864852244,911.063910707524
92.1552931759055,336.472361911255
92.2219998665866,690.973453184311
92.2887065572676,132.668290402732
92.3554132479487,774.188684332505
92.4221199386298,576.765637009507
92.4888266293109,64.1675667670356
92.5555333199919,320.036606602845
92.622240010673,250.949116767259
92.6889467013541,874.354149717245
92.7556533920352,620.045371509513
92.8223600827162,540.847341696175
92.8890667733973,243.345658401076
92.9557734640784,405.825462363477
93.0224801547594,1085.1542594591
93.0891868454405,469.829469305275
93.1558935361216,794.311126254978
93.2226002268027,371.210523705604
93.2893069174838,322.217972183039
93.3560136081648,943.713628479307
93.4227202988459,274.135254409352
93.489426989527,807.977659277494
93.5561336802081,857.778910369242
93.6228403708891,727.236230466978
93.6895470615702,710.536394218984
93.7562537522513,350.672416762439
93.8229604429324,294.463694359865
93.8896671336134,777.989031763676
93.9563738242945,876.302113201168
94.0230805149756,271.02878838381
94.0897872056567,511.846894465289
94.1564938963377,228.124959450607
94.2232005870188,629.21410853335
94.2899072776999,650.738886614349
94.356613968381,559.354347523295
94.423320659062,331.93355866088
94.4900273497431,250.850001731713
94.5567340404242,487.537542917119
94.6234407311053,731.791634062275
94.6901474217863,530.741956559039
94.7568541124674,102.40726323585
94.8235608031485,152.265144105886
94.8902674938296,206.477970306081
94.9569741845106,662.671178902492
95.0236808751917,273.177779292736
95.0903875658728,458.178041169271
95.1570942565539,619.070564699072
95.2238009472349,98.6475820837543
95.290507637916,560.188440956782
95.3572143285971,311.199495614231
95.4239210192782,653.266693184674
95.4906277099592,508.246752993285
95.5573344006403,365.817961543193
95.6240410913214,569.008983892169
95.6907477820025,649.667934049671
95.7574544726835,572.329673465027
95.8241611633646,156.593783071
95.8908678540457,705.195582525683
95.9575745447268,370.570875965746
96.0242812354078,310.247357635532
96.0909879260889,886.520801528826
96.15769461677,376.422562015624
96.2244013074511,745.021013939197
96.2911079981321,606.455733887666
96.3578146888132,862.591417069135
96.4245213794943,744.370503965062
96.4912280701754,497.813976588405
96.5579347608564,857.545910078416
96.6246414515375,837.849257752889
96.6913481422186,452.354939410308
96.7580548328997,341.137709845434
96.8247615235807,665.52286783969
96.8914682142618,901.83909374754
96.9581749049429,925.325715227185
97.024881595624,962.958746963118
97.0915882863051,683.060345254103
97.1582949769861,546.939522957795
97.2250016676672,768.812693804382
97.2917083583483,544.542825170658
97.3584150490293,945.517903655336
97.4251217397104,493.674223730236
97.4918284303915,819.188860619051
97.5585351210726,455.20966392808
97.6252418117537,432.664532967853
97.6919485024347,431.313564540147
97.7586551931158,414.035856378108
97.8253618837969,965.637305211898
97.8920685744779,484.122389310208
97.958775265159,199.574421087447
98.0254819558401,401.658588364487
98.0921886465212,243.939527908621
98.1588953372023,602.139380422761
98.2256020278833,413.224208030205
98.2923087185644,443.765160547814
98.3590154092455,167.038720523187
98.4257220999266,270.489489455806
98.4924287906076,171.480527276086
98.5591354812887,371.267834237804
98.6258421719698,429.4595154751
98.6925488626509,872.998970782302
98.7592555533319,267.273498742024
98.825962244013,419.700608898389
98.8926689346941,205.733343703998
98.9593756253752,933.339037758548
99.0260823160562,772.83077761179
99.0927890067373,541.153476283812
99.1594956974184,297.686239191146
99.2262023880995,649.21268289558
99.2929090787805,542.318562303888
99.3596157694616,534.668482891928
99.4263224601427,498.850696600773
99.4930291508238,92.1696062911024
99.5597358415048,518.020563484626
99.6264425321859,37.9537266132817
99.693149222867,712.498590920673
99.7598559135481,251.043995966887
99.8265626042291,147.444136169301
99.8932692949102,768.597832694498
99.9599759855913,389.427316944469
100.026682676272,263.703582476019
100.093389366953,255.228602066921
100.160096057635,577.620426526645
100.226802748316,1360.72764789983
100.293509438997,588.099800699251
100.360216129678,246.213820886288
100.426922820359,615.432911263538
100.49362951104,946.205620757146
100.560336201721,1165.820533801
100.627042892402,613.112061193655
100.693749583083,703.357454564426
100.760456273764,727.707723719203
100.827162964445,676.463716269086
100.893869655126,633.948803312925
100.960576345807,891.165863443164
101.027283036488,852.308226655245
101.09398972717,251.140191140276
101.160696417851,192.051718572785
101.227403108532,453.705418053893
101.294109799213,673.505713729818
101.360816489894,411.11764443012
101.427523180575,262.977072771147
101.494229871256,580.233004279011
101.560936561937,652.553013652953
101.627643252618,410.160026835623
101.694349943299,370.324065894402
101.76105663398,719.669507681236
101.827763324661,639.285061534685
101.894470015342,468.55633966582
101.961176706024,137.622083927715
102.027883396705,479.745026813174
102.094590087386,706.903095298507
102.161296778067,91.0911944819061
102.228003468748,290.347920286267
102.294710159429,625.56934808405
102.36141685011,485.748647876162
102.428123540791,411.871665157275
102.494830231472,94.8803910879817
102.561536922153,446.196159231307
102.628243612834,533.191549114386
102.694950303515,499.84576404514
102.761656994196,140.59898024722
102.828363684878,284.777946619697
102.895070375559,550.431582677404
102.96177706624,298.560531521996
103.028483756921,86.0715805816019
103.095190447602,674.793143863371
103.161897138283,491.603461284683
103.228603828964,409.310984424369
103.295310519645,272.703950581626
103.362017210326,583.631216055376
103.428723901007,910.290672032114
103.495430591688,657.244325488174
103.562137282369,37.1655325360534
103.62884397305,884.917880847015
103.695550663731,300.705101250266
103.762257354413,385.329922129993
103.828964045094,405.341863806456
103.895670735775,581.838838120116
103.962377426456,819.941285878659
104.029084117137,164.55095518597
104.095790807818,208.380190351231
104.162497498499,485.984674308334
104.22920418918,517.895434693065
104.295910879861,508.63308827377
104.362617570542,270.295878772092
104.429324261223,212.444143970436
104.496030951904,707.893205689846
104.562737642585,392.78376304229
104.629444333267,375.915801992455
104.696151023948,437.462255054026
104.762857714629,441.859209629728
104.82956440531,297.259984029005
104.896271095991,615.099675312314
104.962977786672,497.789019290459
105.029684477353,148.444463655568
105.096391168034,346.27146334148
105.163097858715,39.8317894402515
105.229804549396,682.23159507407
105.296511240077,273.691476032787
105.363217930758,338.667676615871
105.429924621439,135.122439333333
105.496631312121,297.197619112081
105.563338002802,552.174784653606
105.630044693483,411.660030108686
105.696751384164,164.422358337303
105.763458074845,305.729182377746
105.830164765526,647.305000420714
105.896871456207,427.633959989638
105.963578146888,641.510971869904
106.030284837569,421.262148625649
106.09699152825,212.636031161454
106.163698218931,603.715863717202
106.230404909612,328.916438200517
106.297111600293,582.749134932833
106.363818290975,622.749002601227
106.430524981656,279.387285249045
106.497231672337,596.948340168766
106.563938363018,461.470724130799
106.630645053699,855.886963742234
106.69735174438,577.644362561477
106.764058435061,372.166597751445
106.830765125742,400.744761588169
106.897471816423,741.429065668352
106.964178507104,876.267033667778
107.030885197785,443.1646321977
107.097591888466,364.934154265391
107.164298579147,401.740356579853
107.231005269828,336.395474786542
107.29771196051,727.173152680409
107.364418651191,354.459542990785
107.431125341872,779.969835994978
107.497832032553,355.998006762093
107.564538723234,540.001050289288
107.631245413915,638.408810225623
107.697952104596,799.44298806433
107.764658795277,753.408256179806
107.831365485958,337.1526373143
107.898072176639,306.991717520442
107.96477886732,912.482047078953
108.031485558001,641.428410430857
108.098192248682,471.453650003387
108.164898939364,208.531039718143
108.231605630045,19.4681763436101
108.298312320726,825.395902874657
108.365019011407,1135.6468366089
108.431725702088,277.621403096697
108.498432392769,820.865551070855
108.56513908345,399.113095827119
108.631845774131,1167.75625714799
108.698552464812,303.667670773024
108.765259155493,615.138380712829
108.831965846174,414.249919230241
108.898672536855,184.130685453421
108.965379227536,664.771264433142
109.032085918218,537.992847492923
109.098792608899,542.691634501782
109.16549929958,179.989832958501
109.232205990261,75.8069199482717
109.298912680942,427.436780259606
109.365619371623,811.180404898083
109.432326062304,630.085331634234
109.499032752985,435.502918587952
109.565739443666,682.439730301471
109.632446134347,659.887416636427
109.699152825028,476.519598400152
109.765859515709,475.510899383469
109.83256620639,891.106644804204
109.899272897071,536.421631370747
109.965979587753,422.78740867228
110.032686278434,676.429730893208
110.099392969115,543.156590336096
110.166099659796,651.828066743293
110.232806350477,451.584092732099
110.299513041158,285.191732020134
110.366219731839,933.279298594057
110.43292642252,326.606737739063
110.499633113201,156.657154351282
110.566339803882,482.605746635582
110.633046494563,571.905050494807
110.699753185244,383.436570719607
110.766459875925,983.759154458131
110.833166566607,188.943699993565
110.899873257288,247.303355045986
110.966579947969,495.822681234089
111.03328663865,341.753129179103
111.099993329331,333.403114536314
111.166700020012,429.00000499768
111.233406710693,304.996040863552
111.300113401374,632.628009036898
111.366820092055,247.368930791732
111.433526782736,95.6731890016119
111.500233473417,550.881162678489
111.566940164098,609.658899486252
111.633646854779,549.918495178636
111.700353545461,350.316165651569
111.767060236142,281.100728916015
111.833766926823,827.837054769293
111.900473617504,577.500756227595
111.967180308185,266.904483882851
112.033886998866,504.536882694914
112.100593689547,392.507537431882
112.167300380228,707.887014431662
112.234007070909,336.663319758227
112.30071376159,255.381863903198
112.367420452271,448.612391387395
112.434127142952,518.408436553259
112.500833833633,456.926464194205
112.567540524315,400.79001464927
112.634247214996,137.203368475674
112.700953905677,566.323166970993
112.767660596358,404.002420002827
112.834367287039,218.203685909731
112.90107397772,311.233126485087
112.967780668401,112.395516770163
113.034487359082,288.429215903005
113.101194049763,35.6823355260001
113.167900740444,487.10618573144
113.234607431125,184.238961181114
113.301314121806,302.617769146666
113.368020812487,125.467165979294
113.434727503168,102.659608281936
113.50143419385,252.407455777828
113.568140884531,560.25935241502
113.634847575212,485.140253214112
113.701554265893,98.4945939680389
113.768260956574,305.746469009574
113.834967647255,453.108651522417
113.901674337936,567.560463052606
113.968381028617,827.458788427856
114.035087719298,320.848197827973
114.101794409979,463.572085303974
114.16850110066,239.288039603385
114.235207791341,1175.05339018197
114.301914482022,677.911053930262
114.368621172704,267.673158744289
114.435327863385,391.574992564812
114.502034554066,314.168193382881
114.568741244747,952.997847193783
114.635447935428,386.717351340804
114.702154626109,276.782471188017
114.76886131679,550.811055606614
114.835568007471,494.241851591535
114.902274698152,341.490135043899
114.968981388833,40.0548849661796
115.035688079514,236.042537556273
115.102394770195,32.434436726819
115.169101460876,753.875232307285
115.235808151558,228.232622362035
115.302514842239,163.099251646672
115.36922153292,178.409380532123
115.435928223601,715.491776328007
115.502634914282,618.500263695601
115.569341604963,268.869713289331
115.636048295644,142.219232465044
115.702754986325,674.441244865535
115.769461677006,918.670444047863
115.836168367687,391.074670463848
115.902875058368,281.543536679392
115.969581749049,587.190946953151
116.03628843973,842.643153666073
116.102995130412,741.259667574109
116.169701821093,461.033326081217
116.236408511774,579.232401125949
116.303115202455,395.750905897541
116.369821893136,424.001925888158
116.436528583817,44.3943392270586
116.503235274498,547.552293341919
116.569941965179,401.34090209626
116.63664865586,240.560224142357
116.703355346541,318.943961479077
116.770062037222,429.280128488699
116.836768727903,420.835096705026
116.903475418584,332.733334637147
116.970182109265,475.984331414095
117.036888799947,301.880202962027
117.103595490628,70.3070660601118
117.170302181309,65.8937468193458
117.23700887199,453.314684758131
117.303715562671,489.252109955353
117.370422253352,523.924536211824
117.437128944033,495.429327979689
117.503835634714,161.556962927194
117.570542325395,465.429490842476
117.637249016076,625.251588105082
117.703955706757,620.279503053848
117.770662397438,151.212247766555
117.837369088119,293.822801646353
117.904075778801,323.893270316796
117.970782469482,581.627979741089
118.037489160163,104.465138394552
118.104195850844,386.348001437079
118.170902541525,437.863574355603
118.237609232206,499.809382647479
118.304315922887,449.378846285631
118.371022613568,303.836454684169
118.437729304249,328.257569031826
118.50443599493,724.515096675611
118.571142685611,777.942348103462
118.637849376292,377.691761774054
118.704556066973,707.576388441718
118.771262757655,1148.03022888243
118.837969448336,532.760959202924
118.904676139017,492.274730163895
118.971382829698,445.737650961585
119.038089520379,479.229489867301
119.10479621106,1013.22517604646
119.171502901741,334.097992054838
119.238209592422,180.968406083318
119.304916283103,601.007018758428
119.371622973784,348.549137960742
119.438329664465,516.156504946008
119.505036355146,499.971727959425
119.571743045827,391.173001642314
119.638449736508,333.31093072896
119.70515642719,526.22559151666
119.771863117871,412.954806914779
119.838569808552,71.5858783217982
119.905276499233,75.2821936015755
119.971983189914,416.436023773251
120.038689880595,217.92501388225
120.105396571276,301.590318239884
120.172103261957,136.942883767498
120.238809952638,123.214734755357
120.305516643319,358.502721973774
120.372223334,623.06408812222
120.438930024681,250.762048583061
120.505636715362,584.137224931952
120.572343406044,194.473097120654
120.639050096725,183.788096554467
120.705756787406,958.696975239346
120.772463478087,249.830802821845
120.839170168768,1246.68104505468
120.905876859449,281.024038718771
120.97258355013,326.153857571349
121.039290240811,700.916240057163
121.105996931492,688.261015269125
121.172703622173,1303.52799933055
121.239410312854,298.548772526659
121.306117003535,778.404802346528
121.372823694216,404.272419147398
121.439530384898,918.764133939768
121.506237075579,510.972017427859
121.57294376626,432.351895366247
121.639650456941,922.731957322056
121.706357147622,338.750241505567
121.773063838303,428.29458241841
121.839770528984,281.64155033966
121.906477219665,559.13874367333
121.973183910346,578.259941420389
122.039890601027,666.958192185984
122.106597291708,642.213433020506
122.173303982389,395.220665589062
122.24001067307,566.124848580469
122.306717363752,301.251966255666
122.373424054433,1058.73782220253
122.440130745114,1007.35968807996
122.506837435795,301.01777374983
122.573544126476,856.236381378854
122.640250817157,543.230177287246
122.706957507838,957.292927086806
122.773664198519,664.123948611911
122.8403708892,832.83210340264
122.907077579881,506.476347087689
122.973784270562,868.449892194036
123.040490961243,877.250862641101
123.107197651924,429.247486858503
123.173904342605,477.243764323357
123.240611033287,357.482018761833
123.307317723968,602.762791203648
123.374024414649,355.376377900056
123.44073110533,237.312432277766
123.507437796011,235.630815837929
123.574144486692,505.522268968821
123.640851177373,564.505692950624
123.707557868054,281.450805891332
123.774264558735,213.027247150424
123.840971249416,464.978239495941
123.907677940097,194.531135148085
123.974384630778,187.440111330411
124.041091321459,712.156886050389
124.107798012141,256.666109191219
124.174504702822,470.110772138623
124.241211393503,592.226260239158
124.307918084184,212.01661569615
124.374624774865,653.073781543298
124.441331465546,163.504263004702
124.508038156227,395.312445915181
124.574744846908,546.416645575622
124.641451537589,442.567579066473
124.70815822827,452.043388924705
124.774864918951,636.558490479688
124.841571609632,339.609457780299
124.908278300313,404.637198535341
124.974984990995,559.121292039992
125.041691681676,563.986159342826
125.108398372357,476.229062350128
125.175105063038,407.937327076862
125.241811753719,317.908766463907
125.3085184444,201.728839516689
125.375225135081,658.067225917674
125.441931825762,89.0757873208721
125.508638516443,142.886956305437
125.575345207124,190.975811040692
125.642051897805,655.913179142128
125.708758588486,909.08831907615
125.775465279167,50.1411186923185
125.842171969848,196.993664256924
125.90887866053,423.112176735343
125.975585351211,438.101310878468
126.042292041892,342.733508604793
126.108998732573,746.536654875204
126.175705423254,130.039337976346
126.242412113935,391.745348396734
126.309118804616,103.719094517409
126.375825495297,795.106148994601
126.442532185978,813.253226496529
126.509238876659,117.158235364975
126.57594556734,175.101575041533
126.642652258021,407.376523061868
126.709358948702,536.398623833201
126.776065639384,454.36430478508
126.842772330065,730.708198766502
126.909479020746,562.661896119093
126.976185711427,230.324057034222
127.042892402108,360.271952835055
127.109599092789,455.713190254431
127.17630578347,735.14421078174
127.243012474151,506.602955236845
127.309719164832,144.637247742454
127.376425855513,449.584912878742
127.443132546194,351.593748197689
127.509839236875,258.546296755776
127.576545927556,317.637903552071
127.643252618238,326.138170128454
127.709959308919,926.952740775977
127.7766659996,303.212762661158
127.843372690281,392.559074921002
127.910079380962,221.058313514248
127.976786071643,91.5508410432335
128.043492762324,652.021464975687
128.110199453005,637.5766783288
128.176906143686,388.518026024353
128.243612834367,575.065235712456
128.310319525048,223.937104705733
128.377026215729,767.290810716269
128.44373290641,388.587086833756
128.510439597092,121.024953697531
128.577146287773,109.166534461074
128.643852978454,410.325786432204
128.710559669135,833.823258696074
128.777266359816,162.429685117961
128.843973050497,294.782822625476
128.910679741178,404.219576864807
128.977386431859,362.58940942535
129.04409312254,736.67741379166
129.110799813221,47.1569747423552
129.177506503902,48.9315031703119
129.244213194583,293.568853626385
129.310919885264,259.108484686504
129.377626575945,320.481628817045
129.444333266627,197.970826219836
129.511039957308,93.7911025713925
129.577746647989,530.020863116375
129.64445333867,462.494313736347
129.711160029351,504.35167899792
129.777866720032,537.486862041655
129.844573410713,150.34490800596
129.911280101394,299.559643395344
129.977986792075,728.604041271766
130.044693482756,343.539180338205
130.111400173437,496.136068638998
130.178106864118,336.213399856712
130.244813554799,229.702568478158
130.311520245481,315.09951626206
130.378226936162,71.3074896231556
130.444933626843,358.390693973653
130.511640317524,637.549334305126
130.578347008205,528.47719505393
130.645053698886,88.1799463498679
130.711760389567,390.954286050749
130.778467080248,375.743145008235
130.845173770929,673.137458705494
130.91188046161,649.605203645765
130.978587152291,551.506313553649
131.045293842972,230.348995256397
131.112000533653,192.366263049945
131.178707224335,287.698006919693
131.245413915016,590.842697391712
131.312120605697,1111.24450375532
131.378827296378,248.392150947903
131.445533987059,476.363059086924
131.51224067774,397.981880171113
131.578947368421,786.936040531746
131.645654059102,883.27961152833
131.712360749783,440.269702683863
131.779067440464,852.896834665697
131.845774131145,741.669359569854
131.912480821826,724.977426959687
131.979187512507,688.873813995583
132.045894203188,267.112187122018
132.11260089387,719.803270201153
132.179307584551,605.713784877459
132.246014275232,177.130602221296
132.312720965913,488.044128097771
132.379427656594,170.407963099422
132.446134347275,867.907690731357
132.512841037956,1046.68934719509
132.579547728637,844.82959051873
132.646254419318,697.542113925361
132.712961109999,566.090991427525
132.77966780068,1463.03927635158
132.846374491361,1194.5009537835
132.913081182042,1135.19258226437
132.979787872724,178.277084638988
133.046494563405,686.667668767646
133.113201254086,1110.06153531131
133.179907944767,1062.89075089724
133.246614635448,589.177850520129
133.313321326129,425.572331896413
133.38002801681,695.014468287219
133.446734707491,772.780980688468
133.513441398172,695.364712891487
133.580148088853,404.724378901479
133.646854779534,461.4115715652
133.713561470215,600.863679205818
133.780268160896,525.550866438119
133.846974851578,56.1957353756517
133.913681542259,517.578314402319
133.98038823294,908.700279560379
134.047094923621,805.504706636382
134.113801614302,422.252541225412
134.180508304983,490.872751628746
134.247214995664,850.472620637576
134.313921686345,809.218975799861
134.380628377026,669.576237502985
134.447335067707,652.445873647411
134.514041758388,878.467611677478
134.580748449069,543.266472177015
134.64745513975,989.509469032598
134.714161830431,435.636692708038
134.780868521113,691.587648941487
134.847575211794,600.197022977223
134.914281902475,213.192552338168
134.980988593156,1088.75243337948
135.047695283837,183.53895595276
135.114401974518,678.355880168543
135.181108665199,687.806023496709
135.24781535588,519.276173195832
135.314522046561,528.899829300253
135.381228737242,267.294537062049
135.447935427923,581.665773802987
135.514642118604,655.036926228702
135.581348809285,534.140658099456
135.648055499967,234.15604053469
135.714762190648,120.356606547959
135.781468881329,429.471566321087
135.84817557201,239.2799778063
135.914882262691,595.268397921428
135.981588953372,601.152566881954
136.048295644053,468.976396615206
136.115002334734,255.81176744213
136.181709025415,343.482490648679
136.248415716096,513.496636409745
136.315122406777,673.806900823997
136.381829097458,531.157514040632
136.448535788139,242.75282105596
136.515242478821,555.005838883403
136.581949169502,210.45522452436
136.648655860183,702.095288315575
136.715362550864,662.988401877147
136.782069241545,658.620551504273
136.848775932226,729.55882776423
136.915482622907,681.163281317643
136.982189313588,711.614335754189
137.048896004269,725.761710673951
137.11560269495,817.043419995533
137.182309385631,608.857639869826
137.249016076312,216.797204346939
137.315722766993,746.334255467479
137.382429457675,731.741040670253
137.449136148356,365.11012967417
137.515842839037,187.902199354648
137.582549529718,382.81920864741
137.649256220399,594.223781508349
137.71596291108,370.283821915422
137.782669601761,149.627785843628
137.849376292442,83.5682900444824
137.916082983123,387.478915231185
137.982789673804,407.320340820167
138.049496364485,333.18964421633
138.116203055166,115.605920952967
138.182909745847,112.846769931586
138.249616436528,275.851247621107
138.31632312721,255.35243721152
138.383029817891,437.998846129417
138.449736508572,161.316588822025
138.516443199253,540.353842055217
138.583149889934,415.166164316467
138.649856580615,54.2903358662707
138.716563271296,395.676558595398
138.783269961977,511.607959028397
138.849976652658,967.489388399329
138.916683343339,184.713821646619
138.98339003402,45.515712459745
139.050096724701,260.96291894704
139.116803415382,661.284684993048
139.183510106064,449.020210992367
139.250216796745,364.265422484116
139.316923487426,259.912327738099
139.383630178107,339.382357157094
139.450336868788,627.789874979496
139.517043559469,401.275655984331
139.58375025015,338.726610230844
139.650456940831,189.561590489346
139.717163631512,471.647435366578
139.783870322193,397.584339561775
139.850577012874,415.998792149789
139.917283703555,113.372511591885
139.983990394236,191.308585557296
140.050697084918,364.353417484157
140.117403775599,439.021153704419
140.18411046628,223.376106836613
140.250817156961,216.418425948944
140.317523847642,150.333279736758
140.384230538323,586.566809714247
140.450937229004,300.432342826745
140.517643919685,110.927258786102
140.584350610366,104.029544897668
140.651057301047,141.825523258123
140.717763991728,858.191636196169
140.784470682409,634.986176208741
140.85117737309,389.367306474133
140.917884063772,222.033908358458
140.984590754453,497.86508682636
141.051297445134,879.218403693835
141.118004135815,549.332430898557
141.184710826496,135.983725535394
141.251417517177,332.684770819066
141.318124207858,456.568316214365
141.384830898539,1019.18516004193
141.45153758922,418.951193207277
141.518244279901,393.364401919234
141.584950970582,799.034999272787
141.651657661263,99.2654958930679
141.718364351944,873.828833783578
141.785071042625,318.598047598728
141.851777733307,517.988565226122
141.918484423988,933.577710729276
141.985191114669,233.28543637751
142.05189780535,353.901600721857
142.118604496031,481.271880508228
142.185311186712,359.43847964801
142.252017877393,661.772779124903
142.318724568074,317.875952393421
142.385431258755,131.710229299811
142.452137949436,83.6405327769905
142.518844640117,114.106793467276
142.585551330798,496.099756496246
142.652258021479,321.787135894747
142.718964712161,231.557542139419
142.785671402842,148.15793616568
142.852378093523,422.871092429364
142.919084784204,191.562905839346
142.985791474885,55.5827685519513
143.052498165566,255.691516093619
143.119204856247,557.211259647519
143.185911546928,289.342911464497
143.252618237609,259.08183881641
143.31932492829,441.377591307421
143.386031618971,142.307231062015
143.452738309652,689.150853272934
143.519445000333,98.3902421064739
143.586151691015,576.132719839989
143.652858381696,812.635384333999
143.719565072377,76.7798532828253
143.786271763058,667.800533038372
143.852978453739,153.196258486689
143.91968514442,440.00939209046
143.986391835101,183.769460358825
144.053098525782,171.029387741752
144.119805216463,321.514922249289
144.186511907144,289.666257163881
144.253218597825,205.853368816012
144.319925288506,155.219210184007
144.386631979187,344.443977950723
144.453338669868,288.003129169482
144.52004536055,408.144422043913
144.586752051231,328.408728048814
144.653458741912,531.298774065055
144.720165432593,342.192978858416
144.786872123274,378.889150328878
144.853578813955,450.93879849312
144.920285504636,86.2881772204464
144.986992195317,472.860454369897
145.053698885998,200.907761186879
145.120405576679,453.432762675954
145.18711226736,425.510844859364
145.253818958041,286.820718685972
145.320525648722,369.612596152439
145.387232339404,368.707366024072
145.453939030085,391.019326050143
145.520645720766,287.293072667228
145.587352411447,194.681466662271
145.654059102128,664.498603851404
145.720765792809,409.223921365385
145.78747248349,283.329234092515
145.854179174171,374.228952509996
145.920885864852,314.11602680261
145.987592555533,849.220321193451
146.054299246214,386.593287768788
146.121005936895,346.177622253202
146.187712627576,380.054260404803
146.254419318258,1233.07153665905
146.321126008939,893.101139457273
146.38783269962,532.922986942054
146.454539390301,700.372568151884
146.521246080982,652.405823880741
146.587952771663,1019.89142632721
146.654659462344,867.343370380527
146.721366153025,521.63878106476
146.788072843706,965.137425924856
146.854779534387,430.604038658145
146.921486225068,737.210606296492
146.988192915749,711.609560204503
147.05489960643,679.55704104987
147.121606297111,580.5755006135
147.188312987793,187.725204986033
147.255019678474,440.74349835508
147.321726369155,584.838328257677
147.388433059836,811.218159969703
147.455139750517,604.756562631199
147.521846441198,467.089356369663
147.588553131879,23.305343593086
147.65525982256,814.563917368782
147.721966513241,1076.40162764399
147.788673203922,744.967748796318
147.855379894603,403.529184457181
147.922086585284,357.000428622077
147.988793275965,1163.30730507549
148.055499966647,961.886902121831
148.122206657328,406.253951428624
148.188913348009,275.53186273505
148.25562003869,564.335095623751
148.322326729371,999.160293463955
148.389033420052,688.29523920599
148.455740110733,321.392404651592
148.522446801414,164.642864129787
148.589153492095,465.562796903494
148.655860182776,687.774160627512
148.722566873457,287.261883922961
148.789273564138,285.563171790392
148.855980254819,103.624024219544
148.922686945501,392.535372088852
148.989393636182,233.655431912283
149.056100326863,261.156079115571
149.122807017544,306.249914344254
149.189513708225,397.020598437446
149.256220398906,17.4352979881176
149.322927089587,175.970376459507
149.389633780268,205.48637914724
149.456340470949,483.27875067455
149.52304716163,468.473414396139
149.589753852311,218.220004147795
149.656460542992,373.364610417895
149.723167233673,142.717959106167
149.789873924355,480.925155998081
149.856580615036,485.313127421088
149.923287305717,577.887628574167
149.989993996398,291.38164218452
150.056700687079,278.499570024954
150.12340737776,577.361992966626
150.190114068441,639.560727120475
150.256820759122,508.386432851992
150.323527449803,207.135650355228
150.390234140484,853.268081976639
150.456940831165,729.647623639056
150.523647521846,176.566484056617
150.590354212527,840.762664148486
150.657060903208,559.509574443307
150.72376759389,685.713288561954
150.790474284571,299.615904259189
150.857180975252,692.820255273701
150.923887665933,1089.47061236187
150.990594356614,599.04086131135
151.057301047295,413.051479661591
151.124007737976,893.269778693242
151.190714428657,1321.3502178248
151.257421119338,767.164341285502
151.324127810019,591.80429613823
151.3908345007,712.738368095501
151.457541191381,1120.91724381447
151.524247882062,969.109886217672
151.590954572744,494.52225064765
151.657661263425,635.089993140088
151.724367954106,789.61456260129
151.791074644787,670.323412858353
151.857781335468,509.148637170234
151.924488026149,546.126809131285
151.99119471683,467.8575267904
152.057901407511,546.450486161308
152.124608098192,562.478695706542
152.191314788873,310.104252495092
152.258021479554,472.965178024047
152.324728170235,354.231082363859
152.391434860916,554.150632550136
152.458141551598,321.835433079066
152.524848242279,136.39767498698
152.59155493296,412.630244047342
152.658261623641,1051.65217223077
152.724968314322,430.576132502504
152.791675005003,111.662639919364
152.858381695684,415.837121255493
152.925088386365,887.311863791691
152.991795077046,718.996756580901
153.058501767727,512.092935569814
153.125208458408,471.088379628242
153.191915149089,420.734521902839
153.25862183977,919.172751841311
153.325328530451,322.905366883005
153.392035221133,324.117843186999
153.458741911814,504.598727762092
153.525448602495,415.576859016238
153.592155293176,703.320477483804
153.658861983857,523.259435215357
153.725568674538,120.405071717315
153.792275365219,722.505482836425
153.8589820559,533.454678695598
153.925688746581,746.818774117414
153.992395437262,343.944126346257
154.059102127943,273.493129616306
154.125808818624,855.068385635252
154.192515509305,767.01851148272
154.259222199987,907.706687357891
154.325928890668,176.391277970185
154.392635581349,227.428767361801
154.45934227203,748.585546409989
154.526048962711,714.577175480409
154.592755653392,454.978784489808
154.659462344073,467.081238005928
154.726169034754,276.292263385219
154.792875725435,896.946252764482
154.859582416116,880.67021612097
154.926289106797,490.738932634698
154.992995797478,246.473164678297
155.059702488159,526.713335513663
155.126409178841,877.761592473792
155.193115869522,571.547738579913
155.259822560203,573.881698390661
155.326529250884,116.016749109068
155.393235941565,651.394373772396
155.459942632246,689.576831316463
155.526649322927,138.539517475019
155.593356013608,65.0602870869172
155.660062704289,614.820449984995
155.72676939497,522.623112972837
155.793476085651,300.594637564095
155.860182776332,211.941675968769
155.926889467013,460.857652920988
155.993596157694,546.242768457404
156.060302848376,141.691920713451
156.127009539057,117.662042898363
156.193716229738,323.250073706562
156.260422920419,411.599910353081
156.3271296111,214.998708807978
156.393836301781,551.5043133063
156.460542992462,215.914995854428
156.527249683143,596.687860881998
156.593956373824,155.855515994341
156.660663064505,390.037315309763
156.727369755186,415.8907626047
156.794076445867,686.484172992203
156.860783136548,658.735950513416
156.92748982723,428.06317653625
156.994196517911,279.869532783702
157.060903208592,547.421274003754
157.127609899273,759.012620051024
157.194316589954,510.676986538541
157.261023280635,341.543094250467
157.327729971316,263.264401926784
157.394436661997,525.2564681322
157.461143352678,486.645101872616
157.527850043359,187.994247663041
157.59455673404,480.760333073924
157.661263424721,142.281223458502
157.727970115402,341.736589135244
157.794676806084,320.014473840965
157.861383496765,292.394372001524
157.928090187446,438.291014225715
157.994796878127,283.146422188423
158.061503568808,476.996510160548
158.128210259489,70.6839526459597
158.19491695017,469.785092085284
158.261623640851,380.829610356436
158.328330331532,507.682657952563
158.395037022213,339.445245573737
158.461743712894,390.933767748955
158.528450403575,582.019431908588
158.595157094256,145.46754316938
158.661863784938,571.162020416555
158.728570475619,229.252711346454
158.7952771663,599.706554891386
158.861983856981,643.301243208027
158.928690547662,191.999869512988
158.995397238343,579.255523948731
159.062103929024,420.250885172023
159.128810619705,1046.61905097304
159.195517310386,672.100571903874
159.262224001067,683.816695676175
159.328930691748,509.403400614562
159.395637382429,975.759121424081
159.46234407311,1062.61791705943
159.529050763792,231.700442146258
159.595757454473,728.111231880647
159.662464145154,489.632197401121
159.729170835835,1025.15289037901
159.795877526516,981.790035377768
159.862584217197,486.874876254243
159.929290907878,608.789022293436
159.995997598559,677.819122734858
160.06270428924,1275.21374075495
160.129410979921,738.344885295911
160.196117670602,689.422714859015
160.262824361283,534.3998443636
160.329531051964,730.157645163351
160.396237742645,1319.4327601069
160.462944433327,252.14337979282
160.529651124008,705.442682751644
160.596357814689,375.396167593619
160.66306450537,939.716018795875
160.729771196051,651.399880335502
160.796477886732,423.493039134575
160.863184577413,300.744771307684
160.929891268094,565.512645112202
160.996597958775,816.443789642813
161.063304649456,88.3729016482762
161.130011340137,265.89548075309
161.196718030818,212.055006524265
161.263424721499,659.742949487235
161.330131412181,488.118474507769
161.396838102862,261.558758982733
161.463544793543,122.157702214658
161.530251484224,507.664786024711
161.596958174905,465.566468117174
161.663664865586,305.956331865056
161.730371556267,537.555688921145
161.797078246948,180.778704591362
161.863784937629,469.366075541486
161.93049162831,493.194470409535
161.997198318991,514.642635566434
162.063905009672,488.01051932022
162.130611700353,511.043111330036
162.197318391035,381.944482355925
162.264025081716,661.196011384835
162.330731772397,479.380463198213
162.397438463078,571.123713609537
162.464145153759,258.292254183033
162.53085184444,647.679005951302
162.597558535121,511.756335553855
162.664265225802,398.364278099992
162.730971916483,410.599936224103
162.797678607164,325.278669524598
162.864385297845,785.44549868311
162.931091988526,502.67499841468
162.997798679207,555.52989922377
163.064505369888,38.3975949892758
163.13121206057,574.964648395666
163.197918751251,1032.80658424648
163.264625441932,618.290981467231
163.331332132613,422.514126038355
163.398038823294,255.927642876286
163.464745513975,465.598936728428
163.531452204656,706.709628088947
163.598158895337,378.164825687189
163.664865586018,333.100260664398
163.731572276699,256.450035364979
163.79827896738,395.392452074299
163.864985658061,143.944738863087
163.931692348742,204.170045172681
163.998399039424,57.0485001616676
164.065105730105,123.376707162424
164.131812420786,212.681811501299
164.198519111467,373.340139322559
164.265225802148,320.00695374989
164.331932492829,212.030964248419
164.39863918351,229.61393698206
164.465345874191,328.349342812238
164.532052564872,388.698382422118
164.598759255553,428.181125639464
164.665465946234,479.689297090177
164.732172636915,55.4168875243017
164.798879327596,358.733476086304
164.865586018278,579.912341359321
164.932292708959,315.768155521629
164.99899939964,365.758312468929
165.065706090321,252.147884765929
165.132412781002,452.016488261997
165.199119471683,464.399829891005
165.265826162364,469.189888568481
165.332532853045,343.456995728931
165.399239543726,313.287896674001
165.465946234407,157.232556548989
165.532652925088,163.674902032839
165.599359615769,602.271793239992
165.66606630645,391.660938984588
165.732772997131,485.662876245826
165.799479687813,678.438352549574
165.866186378494,343.365649607773
165.932893069175,47.5174647102426
165.999599759856,283.134280614986
166.066306450537,753.365676927279
166.133013141218,1105.6983007365
166.199719831899,654.302499974352
166.26642652258,150.956268857281
166.333133213261,326.93562693818
166.399839903942,797.227558124143
166.466546594623,731.281882097108
166.533253285304,266.921795115565
166.599959975985,152.769091250665
166.666666666667,543.386948920093
166.733373357348,277.143797089173
166.800080048029,300.46370961831
166.86678673871,53.5789863561334
166.933493429391,724.56576811578
167.000200120072,190.041265476522
167.066906810753,593.59032767906
167.133613501434,484.184027067122
167.200320192115,270.241671756773
167.267026882796,625.500285444352
167.333733573477,103.655950366878
167.400440264158,583.559907419434
167.467146954839,280.055590460661
167.533853645521,328.908015211743
167.600560336202,329.230821141401
167.667267026883,87.2228867657919
167.733973717564,126.975688000586
167.800680408245,408.192929621185
167.867387098926,332.907004046246
167.934093789607,440.763291499674
168.000800480288,30.7387032827018
168.067507170969,107.371415192846
168.13421386165,462.336853848844
168.200920552331,566.497493000802
168.267627243012,220.646845431873
168.334333933693,197.439966648424
168.401040624375,496.384845491663
168.467747315056,778.163132838802
168.534454005737,477.376739336818
168.601160696418,411.55110657609
168.667867387099,305.830339741427
168.73457407778,787.162241006589
168.801280768461,892.555352332401
168.867987459142,386.491597817217
168.934694149823,602.591339974956
169.001400840504,567.336875325424
169.068107531185,508.244194193482
169.134814221866,508.596089966262
169.201520912547,321.639144284929
169.268227603228,562.270535269697
169.33493429391,123.183130182234
169.401640984591,202.819227264373
169.468347675272,223.927409149853
169.535054365953,536.6969345115
169.601761056634,422.434781466727
169.668467747315,355.299395847038
169.735174437996,694.664526409119
169.801881128677,532.769010165963
169.868587819358,619.575885502088
169.935294510039,479.884743069521
170.00200120072,621.382821321958
170.068707891401,923.764838590714
170.135414582082,649.313415612331
170.202121272764,612.045999753584
170.268827963445,756.359779237113
170.335534654126,1076.47064105562
170.402241344807,907.758020654345
170.468948035488,549.061773157307
170.535654726169,647.236583589006
170.60236141685,675.255955540929
170.669068107531,1031.88634196081
170.735774798212,605.708016162228
170.802481488893,188.926928722722
170.869188179574,281.522786958483
170.935894870255,450.054420635879
171.002601560936,446.66592614785
171.069308251618,153.601063687262
171.136014942299,127.31739395251
171.20272163298,229.829836288736
171.269428323661,340.600205441077
171.336135014342,232.752251234767
171.402841705023,448.473007745834
171.469548395704,453.697343132299
171.536255086385,678.598614751446
171.602961777066,277.937789901461
171.669668467747,240.354685110107
171.736375158428,773.27207813198
171.803081849109,622.660547209326
171.86978853979,488.049482666062
171.936495230472,245.173079614455
172.003201921153,513.737240607987
172.069908611834,549.667106378717
172.136615302515,435.910477824571
172.203321993196,298.652280781766
172.270028683877,559.916416911135
172.336735374558,441.80663319974
172.403442065239,739.232028717414
172.47014875592,863.976355015025
172.536855446601,638.92482932227
172.603562137282,679.259478249993
172.670268827963,245.005185802529
172.736975518644,1101.40326120233
172.803682209325,843.952961592815
172.870388900007,351.414802934024
172.937095590688,473.042828450205
173.003802281369,235.463100010712
173.07050897205,700.307508630119
173.137215662731,126.207448970792
173.203922353412,384.721390477522
173.270629044093,193.865518099292
173.337335734774,453.935152825322
173.404042425455,145.706706904999
173.470749116136,660.652339497563
173.537455806817,473.982802305724
173.604162497498,24.240504298384
173.670869188179,318.094672234683
173.737575878861,288.281449273842
173.804282569542,571.641837927374
173.870989260223,315.477925737848
173.937695950904,302.599344671566
174.004402641585,237.629562677242
174.071109332266,357.405673778084
174.137816022947,228.525160212497
174.204522713628,296.528394730952
174.271229404309,268.105416823481
174.33793609499,612.618353637291
174.404642785671,186.077702903317
174.471349476352,429.68020204734
174.538056167033,364.823006392913
174.604762857715,41.5076634706633
174.671469548396,526.609778918089
174.738176239077,97.1340317096001
174.804882929758,377.755545214309
174.871589620439,278.27907187537
174.93829631112,352.241167468173
175.005003001801,391.14156593978
175.071709692482,273.691663566909
175.138416383163,113.213631625647
175.205123073844,232.687072176572
175.271829764525,508.244954681942
175.338536455206,201.358236904063
175.405243145887,324.256276916643
175.471949836568,189.161758297813
175.53865652725,551.81722184571
175.605363217931,430.142559276397
175.672069908612,57.2528068113888
175.738776599293,486.51985923867
175.805483289974,488.45565294428
175.872189980655,442.173409737037
175.938896671336,199.146076267244
176.005603362017,393.795597596516
176.072310052698,446.326549987568
176.139016743379,802.796933781509
176.20572343406,509.614396503656
176.272430124741,521.502002442387
176.339136815422,224.082239265677
176.405843506104,406.313658966584
176.472550196785,857.590774718005
176.539256887466,917.559100398105
176.605963578147,360.012143241885
176.672670268828,113.824535705013
176.739376959509,687.659016968653
176.80608365019,925.651976976098
176.872790340871,892.060655643474
176.939497031552,319.084707996605
177.006203722233,112.508745516039
177.072910412914,676.203824185392
177.139617103595,512.176738636623
177.206323794276,563.639479250608
177.273030484958,557.818437636328
177.339737175639,210.673579826441
177.40644386632,120.458034315729
177.473150557001,481.625108699721
177.539857247682,562.040960543507
177.606563938363,639.079164788558
177.673270629044,445.586692952737
177.739977319725,384.856979638182
177.806684010406,712.228475539323
177.873390701087,410.526342545328
177.940097391768,436.032234595239
178.006804082449,385.657996357947
178.07351077313,307.689787259017
178.140217463811,348.960065059534
178.206924154493,401.379473874838
178.273630845174,376.204398849848
178.340337535855,88.4178079366605
178.407044226536,223.786699043388
178.473750917217,146.441904311854
178.540457607898,423.94173332622
178.607164298579,600.372383440727
178.67387098926,387.696277951105
178.740577679941,327.248061531742
178.807284370622,385.426331543656
178.873991061303,681.779557715184
178.940697751984,701.915556617935
179.007404442665,423.90502038702
179.074111133347,522.477734519955
179.140817824028,500.687960733335
179.207524514709,529.419145737757
179.27423120539,691.892452870782
179.340937896071,430.992580458554
179.407644586752,383.537413706549
179.474351277433,469.126940789856
179.541057968114,493.537291521496
179.607764658795,679.515956979813
179.674471349476,348.995807078964
179.741178040157,40.0574480787327
179.807884730838,309.912779420727
179.874591421519,650.803399280061
179.941298112201,217.144247993926
180.008004802882,316.239453576291
180.074711493563,310.805490697456
180.141418184244,508.952695684839
180.208124874925,419.949962015048
180.274831565606,294.529094420791
180.341538256287,230.82907135372
180.408244946968,374.790362360611
180.474951637649,350.918760034921
180.54165832833,93.8966697671964
180.608365019011,318.711346339091
180.675071709692,193.4623607944
180.741778400373,472.081477624521
180.808485091055,235.386150572333
180.875191781736,312.378195834656
180.941898472417,261.689072943679
181.008605163098,221.17621679205
181.075311853779,397.683162400738
181.14201854446,64.5640479774647
181.208725235141,37.1717667592884
181.275431925822,328.894492793132
181.342138616503,240.193181529537
181.408845307184,506.964934415719
181.475551997865,153.373954278027
181.542258688546,450.690193216765
181.608965379227,475.451525268229
181.675672069908,449.023236076832
181.74237876059,477.181516355445
181.809085451271,247.437965979511
181.875792141952,327.556580204092
181.942498832633,497.832429095768
182.009205523314,530.599396342749
182.075912213995,529.288676294242
182.142618904676,480.288867506291
182.209325595357,203.961803052963
182.276032286038,301.326164470269
182.342738976719,713.3558910008
182.4094456674,710.31186111409
182.476152358081,435.926385326163
182.542859048762,277.988555074502
182.609565739444,395.353412230244
182.676272430125,756.812653691166
182.742979120806,914.849802556998
182.809685811487,341.26777943093
182.876392502168,366.5716120372
182.943099192849,493.709369343174
183.00980588353,702.108623826374
183.076512574211,721.558685247871
183.143219264892,431.976191253653
183.209925955573,63.7810009560705
183.276632646254,620.584219255575
183.343339336935,576.060761431512
183.410046027616,414.985282748285
183.476752718298,258.864626678701
183.543459408979,87.2683255971342
183.61016609966,540.600511075502
183.676872790341,470.292452711967
183.743579481022,18.1658561210455
183.810286171703,248.013459097159
183.876992862384,266.997342676494
183.943699553065,268.457713718636
184.010406243746,172.836137207469
184.077112934427,395.525420650582
184.143819625108,184.572508375986
184.210526315789,418.487422480608
184.27723300647,262.51102913477
184.343939697151,568.979332596275
184.410646387833,576.001582871356
184.477353078514,188.234387325755
184.544059769195,753.306455492416
184.610766459876,482.565127537273
184.677473150557,554.598064469994
184.744179841238,521.655703683818
184.810886531919,439.198919480569
184.8775932226,883.567411018092
184.944299913281,411.231052358784
185.011006603962,444.735225610125
185.077713294643,167.675075586014
185.144419985324,263.105681242514
185.211126676005,526.13006859325
185.277833366687,221.862739305434
185.344540057368,572.82920706404
185.411246748049,249.805962055608
185.47795343873,125.373447850358
185.544660129411,363.335809440517
185.611366820092,397.689518338073
185.678073510773,368.733385670561
185.744780201454,299.622035097544
185.811486892135,321.637780607821
185.878193582816,58.6321436429536
185.944900273497,929.627809304321
186.011606964178,661.403049525188
186.078313654859,250.449444925193
186.145020345541,495.637736125984
186.211727036222,508.014595154927
186.278433726903,1126.42099722295
186.345140417584,849.689255890938
186.411847108265,70.4719480598137
186.478553798946,526.196893415452
186.545260489627,704.594941860533
186.611967180308,1343.65710327616
186.678673870989,566.520097706735
186.74538056167,194.551704960518
186.812087252351,374.551211752024
186.878793943032,869.178432204107
186.945500633713,940.489840279008
187.012207324394,447.165000748928
187.078914015076,237.827985025365
187.145620705757,522.914845406298
187.212327396438,675.686702035091
187.279034087119,812.86972992683
187.3457407778,79.8766130830155
187.412447468481,526.680833413362
187.479154159162,714.425129037176
187.545860849843,631.470547572917
187.612567540524,396.509531465921
187.679274231205,561.380250840552
187.745980921886,1034.538231416
187.812687612567,878.33028853819
187.879394303248,655.507642597094
187.94610099393,252.694303699295
188.012807684611,794.847725457003
188.079514375292,1168.92735955984
188.146221065973,607.356729511588
188.212927756654,714.252998056278
188.279634447335,360.165554041872
188.346341138016,802.933749323557
188.413047828697,827.317488278952
188.479754519378,555.946575854342
188.546461210059,366.013286119521
188.61316790074,388.332961755969
188.679874591421,642.911057776892
188.746581282102,996.832206305065
188.813287972784,803.788873654535
188.879994663465,528.885003546427
188.946701354146,383.937702137273
189.013408044827,1092.08261710062
189.080114735508,1050.91558727322
189.146821426189,614.259229573937
189.21352811687,58.0753869303544
189.280234807551,916.915715316202
189.346941498232,1056.33799928958
189.413648188913,887.64826368381
189.480354879594,412.664217766015
189.547061570275,596.156779359407
189.613768260956,825.848859305013
189.680474951638,327.153130220205
189.747181642319,533.114637831457
189.813888333,357.010658752377
189.880595023681,365.91114143105
189.947301714362,279.981852605599
190.014008405043,282.965266155097
190.080715095724,289.335345637102
190.147421786405,135.200931052064
190.214128477086,508.011849216059
190.280835167767,563.405983325001
190.347541858448,142.827080618695
190.414248549129,99.1596857005484
190.48095523981,407.420582317253
190.547661930492,880.550960286843
190.614368621173,565.118588688403
190.681075311854,344.634041658423
190.747782002535,239.026852762576
190.814488693216,580.063552112509
190.881195383897,580.433732086349
190.947902074578,526.330725336483
191.014608765259,230.523879703889
191.08131545594,144.761542162089
191.148022146621,229.721314570208
191.214728837302,319.655507987956
191.281435527983,384.615185108396
191.348142218664,162.218704592039
191.414848909345,136.533940324518
191.481555600027,111.830601744113
191.548262290708,458.497701471392
191.614968981389,268.159895707623
191.68167567207,199.365372205515
191.748382362751,142.340373582511
191.815089053432,305.251752183572
191.881795744113,345.629981277728
191.948502434794,234.367386753473
192.015209125475,365.688178021668
192.081915816156,89.1030343505944
192.148622506837,465.825943408866
192.215329197518,315.319668847268
192.282035888199,380.880390240993
192.348742578881,349.28078272039
192.415449269562,232.120261017283
192.482155960243,144.953566140065
192.548862650924,98.7901527569605
192.615569341605,242.805795633272
192.682276032286,336.742512085581
192.748982722967,380.140436004876
192.815689413648,570.342746994833
192.882396104329,502.256878654012
192.94910279501,289.722459273146
193.015809485691,809.447963994774
193.082516176372,750.115729721297
193.149222867053,748.854605019585
193.215929557735,433.390977640948
193.282636248416,787.439587585595
193.349342939097,998.560955733443
193.416049629778,376.473060674096
193.482756320459,567.986169119917
193.54946301114,692.523440108537
193.616169701821,522.977814482015
193.682876392502,628.44224204091
193.749583083183,376.263569139122
193.816289773864,768.203532025581
193.882996464545,620.262996362582
193.949703155226,329.036676420462
194.016409845907,103.761545078868
194.083116536588,433.537975281978
194.14982322727,758.949632744059
194.216529917951,418.73708094055
194.283236608632,307.669367177191
194.349943299313,204.205134985688
194.416649989994,311.209521790538
194.483356680675,376.334972788933
194.550063371356,78.3061151595757
194.616770062037,131.446280128258
194.683476752718,369.476543025248
194.750183443399,315.283682443195
194.81689013408,215.740356588873
194.883596824761,196.594964823037
194.950303515442,140.750375260377
195.017010206124,304.721123411905
195.083716896805,149.885669823625
195.150423587486,394.183650253503
195.217130278167,360.991589426836
195.283836968848,385.411800319146
195.350543659529,309.066838897071
195.41725035021,172.398972198636
195.483957040891,214.149896044834
195.550663731572,403.254269272357
195.617370422253,415.169010808538
195.684077112934,331.150651926606
195.750783803615,511.218934482864
195.817490494296,82.5323495608381
195.884197184978,375.365441267386
195.950903875659,325.562304534794
196.01761056634,469.54870490948
196.084317257021,560.850251878926
196.151023947702,293.326191464622
196.217730638383,706.258294274265
196.284437329064,386.565205861261
196.351144019745,276.121125760949
196.417850710426,238.688997383982
196.484557401107,820.189579302037
196.551264091788,809.946131162176
196.617970782469,228.05676867848
196.68467747315,140.865326979778
196.751384163831,382.42201179035
196.818090854513,574.347628110797
196.884797545194,231.187603285196
196.951504235875,655.498472678959
197.018210926556,469.297255217029
197.084917617237,229.604972281904
197.151624307918,543.416277137572
197.218330998599,201.129723956788
197.28503768928,577.410417710729
197.351744379961,348.558788915446
197.418451070642,282.873557047678
197.485157761323,311.651943775607
197.551864452004,206.035599935739
197.618571142685,629.565822426589
197.685277833367,146.532757981079
197.751984524048,258.429435188298
197.818691214729,112.895124718712
197.88539790541,187.449351448097
197.952104596091,94.7557206150642
198.018811286772,450.311325280127
198.085517977453,489.073193605032
198.152224668134,142.021716951554
198.218931358815,77.5990296093574
198.285638049496,545.46002177856
198.352344740177,817.906257624303
198.419051430858,312.789133487677
198.485758121539,435.293948012245
198.552464812221,114.978278309068
198.619171502902,706.312457629732
198.685878193583,843.006622048005
198.752584884264,173.020903726693
198.819291574945,385.323546653336
198.885998265626,345.888696928693
198.952704956307,819.401027275179
199.019411646988,763.78392788947
199.086118337669,230.509837607787
199.15282502835,96.7119118019807
199.219531719031,594.976718252557
199.286238409712,583.664198266222
199.352945100393,473.41779097651
199.419651791075,196.373944315376
199.486358481756,380.607288477631
199.553065172437,420.971023012472
199.619771863118,222.905574646833
199.686478553799,303.256568953575
199.75318524448,444.841666363188
199.819891935161,448.149541137522
199.886598625842,351.059516772993
199.953305316523,256.448363843863
200.020012007204,159.667757670593
200.086718697885,338.231814460746
200.153425388566,371.792736744237
200.220132079247,353.194660819724
200.286838769928,321.532385531713
200.35354546061,263.637483068351
200.420252151291,22.1688161726422
200.486958841972,254.239174540952
200.553665532653,257.352882047377
200.620372223334,318.869546523417
200.687078914015,359.269355733628
200.753785604696,42.640446554499
200.820492295377,372.523917190202
200.887198986058,520.241565666344
200.953905676739,179.622582894675
201.02061236742,313.863867019944
201.087319058101,390.421129318713
201.154025748782,556.050344486925
201.220732439464,537.102564639128
201.287439130145,166.444609024018
201.354145820826,224.65151763724
201.420852511507,684.439960320785
201.487559202188,596.525497457541
201.554265892869,246.833657853701
201.62097258355,465.953616508286
201.687679274231,301.590602881244
201.754385964912,626.503764805414
201.821092655593,265.645306231172
201.887799346274,448.258173944962
201.954506036955,619.935663120478
202.021212727636,253.399088640937
202.087919418318,375.037931013567
202.154626108999,385.130882944971
202.22133279968,541.095376155669
202.288039490361,572.76455042674
202.354746181042,361.695520454617
202.421452871723,531.354882709377
202.488159562404,197.511787141179
202.554866253085,103.079085254086
202.621572943766,330.073098318342
202.688279634447,503.703112602522
202.754986325128,415.247165094271
202.821693015809,291.610722082688
202.88839970649,132.725730025278
202.955106397172,269.7863760033
203.021813087853,457.759557023408
203.088519778534,301.504276335455
203.155226469215,157.975291663029
203.221933159896,319.861154353999
203.288639850577,336.751538881712
203.355346541258,268.976884577844
203.422053231939,94.3732554129412
203.48875992262,785.772029139528
203.555466613301,132.825173108409
203.622173303982,168.151649951027
203.688879994663,274.192781807553
203.755586685344,662.483579278487
203.822293376025,723.220059073601
203.889000066707,84.5897890297304
203.955706757388,351.31726762644
204.022413448069,460.600440457743
204.08912013875,1060.48819896011
204.155826829431,495.723294957564
204.222533520112,260.964773679415
204.289240210793,271.159596311023
204.355946901474,1015.09122972001
204.422653592155,1108.73385471422
204.489360282836,533.219589690596
204.556066973517,319.682251557493
204.622773664198,428.718093703286
204.689480354879,869.369394854436
204.756187045561,947.723476795444
204.822893736242,563.398144624199
204.889600426923,463.718590945116
204.956307117604,506.800946539605
205.023013808285,692.264643000293
205.089720498966,747.386543167199
205.156427189647,530.045068457917
205.223133880328,243.015693131363
205.289840571009,294.847951716831
205.35654726169,599.707393889705
205.423253952371,449.142829864641
205.489960643052,348.928114875285
205.556667333733,168.944125122319
205.623374024415,295.669308211847
205.690080715096,304.581041041928
205.756787405777,229.832213704571
205.823494096458,457.816448270438
205.890200787139,412.14081000963
205.95690747782,487.183968727444
206.023614168501,356.503734819403
206.090320859182,246.352604286526
206.157027549863,639.357966157768
206.223734240544,545.142419926672
206.290440931225,454.028671114542
206.357147621906,191.317218764022
206.423854312587,354.214875577785
206.490561003268,412.036704639379
206.55726769395,257.007445661918
206.623974384631,112.567860418046
206.690681075312,71.4630235688945
206.757387765993,355.485054862283
206.824094456674,238.527317596724
206.890801147355,310.340709570221
206.957507838036,331.044259541604
207.024214528717,50.5126489464924
207.090921219398,432.311523293013
207.157627910079,71.0746029300746
207.22433460076,393.479645245679
207.291041291441,221.600523000157
207.357747982122,333.08140117622
207.424454672804,458.889329753347
207.491161363485,270.239765588295
207.557868054166,587.688659086043
207.624574744847,207.288785808981
207.691281435528,582.896168680415
207.757988126209,414.301711879603
207.82469481689,199.132022037283
207.891401507571,636.386812050193
207.958108198252,100.162846028194
208.024814888933,407.703990832653
208.091521579614,149.279563916966
208.158228270295,568.748044754968
208.224934960976,442.979646575254
208.291641651657,463.94010643885
208.358348342339,251.959769676184
208.42505503302,549.721523500404
208.491761723701,792.445661572854
208.558468414382,248.708516217434
208.625175105063,662.633792790051
208.691881795744,452.178306197418
208.758588486425,952.520022855292
208.825295177106,680.251809247753
208.892001867787,247.539365257212
208.958708558468,453.646774591338
209.025415249149,390.09222586014
209.09212193983,666.992930111015
209.158828630511,428.298237102604
209.225535321193,194.780887877946
209.292242011874,215.224051921592
209.358948702555,264.299519442811
209.425655393236,374.343497005
209.492362083917,126.0034681909
209.559068774598,259.230653485289
209.625775465279,115.661302863291
209.69248215596,455.892871251376
209.759188846641,336.654809090341
209.825895537322,293.279180334583
209.892602228003,164.127965532511
209.959308918684,158.712902793813
210.026015609365,454.334672902564
210.092722300047,540.478625247223
210.159428990728,64.4394878705507
210.226135681409,127.731380377362
210.29284237209,215.612137025982
210.359549062771,609.594962786427
210.426255753452,99.8332577959203
210.492962444133,347.628293070389
210.559669134814,407.700193375072
210.626375825495,538.044386145559
210.693082516176,517.413473039305
210.759789206857,187.485580155244
210.826495897538,393.085791627155
210.893202588219,592.19108380127
210.959909278901,784.006493684287
211.026615969582,237.730299746623
211.093322660263,316.246553057022
211.160029350944,260.452223186909
211.226736041625,770.087976727574
211.293442732306,504.519733322861
211.360149422987,323.325167339225
211.426856113668,198.707048996296
211.493562804349,485.399193697916
211.56026949503,704.944155991276
211.626976185711,132.581055848972
211.693682876392,280.473448497689
211.760389567073,245.942376610846
211.827096257755,402.470327476174
211.893802948436,390.670758332971
211.960509639117,128.404827982477
212.027216329798,216.459066446472
212.093923020479,184.733756709945
212.16062971116,139.197042418846
212.227336401841,95.4347940926462
212.294043092522,269.083706236591
212.360749783203,520.084281503088
212.427456473884,470.25326511577
212.494163164565,118.918888795064
212.560869855246,90.5960856972699
212.627576545927,331.060993961029
212.694283236608,531.197499003469
212.76098992729,563.355537547577
212.827696617971,75.8351079206208
212.894403308652,106.196262967394
212.961109999333,377.601536741427
213.027816690014,417.586528097991
213.094523380695,354.802786555936
213.161230071376,152.239406740587
213.227936762057,188.41439986518
213.294643452738,360.90494780969
213.361350143419,223.345098647848
213.4280568341,266.667041520505
213.494763524781,239.607483297644
213.561470215462,356.943868913002
213.628176906144,229.491833225415
213.694883596825,209.269925941742
213.761590287506,142.369019836733
213.828296978187,274.178246468972
213.895003668868,469.394502055893
213.961710359549,200.619518166438
214.02841705023,352.887055372773
214.095123740911,169.084112842617
214.161830431592,320.899716690523
214.228537122273,533.327816305933
214.295243812954,146.156565946254
214.361950503635,140.462399202627
214.428657194316,264.007098584389
214.495363884998,338.691138483806
214.562070575679,165.381203172685
214.62877726636,146.025446937178
214.695483957041,247.240443497775
214.762190647722,545.765922465289
214.828897338403,620.353253724514
214.895604029084,544.579686623061
214.962310719765,334.033546729601
215.029017410446,199.027524946555
215.095724101127,331.655906951456
215.162430791808,669.730490567398
215.229137482489,371.029485341619
215.29584417317,350.919368817184
215.362550863851,159.311411378064
215.429257554533,258.139752232299
215.495964245214,442.47133378714
215.562670935895,53.9962932285933
215.629377626576,136.938038240395
215.696084317257,116.78071662945
215.762791007938,430.097016350638
215.829497698619,175.82487211974
215.8962043893,394.045956773282
215.962911079981,202.751062691614
216.029617770662,381.381077772441
216.096324461343,286.722479883215
216.163031152024,277.729557269744
216.229737842705,321.139840831373
216.296444533387,564.222335094809
216.363151224068,491.909963945926
216.429857914749,225.34448035865
216.49656460543,189.761295694078
216.563271296111,513.625256970379
216.629977986792,818.429519777355
216.696684677473,346.585086618136
216.763391368154,410.786245955786
216.830098058835,533.11337622173
216.896804749516,392.589079798765
216.963511440197,682.023874260054
217.030218130878,426.510093090796
217.096924821559,429.297254177203
217.163631512241,350.396433314186
217.230338202922,522.041213474872
217.297044893603,662.891589856849
217.363751584284,514.360476723939
217.430458274965,708.02237191728
217.497164965646,226.200938571724
217.563871656327,718.878958171484
217.630578347008,685.075304511469
217.697285037689,420.035093275768
217.76399172837,497.897957792593
217.830698419051,573.58730649323
217.897405109732,504.552112766331
217.964111800413,370.118361640044
218.030818491094,488.997796405782
218.097525181776,396.978700841904
218.164231872457,127.381919790761
218.230938563138,227.560184792963
218.297645253819,282.955166652727
218.3643519445,250.856877450956
218.431058635181,492.414792557639
218.497765325862,384.337192129263
218.564472016543,401.370609029327
218.631178707224,343.582327541224
218.697885397905,341.016056758073
218.764592088586,357.654370041497
218.831298779267,338.736972880356
218.898005469948,616.220469146357
218.96471216063,223.130531445163
219.031418851311,197.041132405389
219.098125541992,165.688362810459
219.164832232673,171.020192088563
219.231538923354,435.818741167671
219.298245614035,308.962997639022
219.364952304716,170.754695904324
219.431658995397,135.838155389934
219.498365686078,268.721477540857
219.565072376759,273.153569412824
219.63177906744,344.003593767784
219.698485758121,454.194247083272
219.765192448802,436.125681500308
219.831899139484,205.142360983963
219.898605830165,437.34768912049
219.965312520846,451.949265784049
220.032019211527,553.251246951924
220.098725902208,309.860832694879
220.165432592889,532.462189359215
220.23213928357,691.327695906031
220.298845974251,577.928041600787
220.365552664932,540.572524669968
220.432259355613,165.667846172272
220.498966046294,554.253707706065
220.565672736975,539.817131968584
220.632379427656,434.14662887981
220.699086118338,481.754513054375
220.765792809019,104.886499405975
220.8324994997,500.252507142175
220.899206190381,391.431114206073
220.965912881062,215.077689970079
221.032619571743,401.784089071185
221.099326262424,203.785877017835
221.166032953105,282.392265671844
221.232739643786,469.072364681173
221.299446334467,382.368240143153
221.366153025148,476.648030146981
221.432859715829,340.672700026216
221.49956640651,417.60616378985
221.566273097191,312.643772689145
221.632979787873,303.398680665887
221.699686478554,454.744133777823
221.766393169235,55.9007200039385
221.833099859916,517.389413934161
221.899806550597,367.542799889861
221.966513241278,382.879463735116
222.033219931959,156.254533434601
222.09992662264,93.7734891528004
222.166633313321,540.236622181907
222.233340004002,726.540227999404
222.300046694683,464.380332833152
222.366753385364,311.788751436207
222.433460076045,251.180519979799
222.500166766727,653.510740487561
222.566873457408,896.465759893325
222.633580148089,297.737353467343
222.70028683877,110.263590458294
222.766993529451,350.332743367717
222.833700220132,538.609034644391
222.900406910813,577.324310661768
222.967113601494,254.387843626634
223.033820292175,128.564186316135
223.100526982856,179.35838574
223.167233673537,486.74663624765
223.233940364218,353.256138289766
223.300647054899,175.554487341049
223.367353745581,83.7512442429087
223.434060436262,194.646488195912
223.500767126943,201.582517286349
223.567473817624,306.167188327946
223.634180508305,277.224067874766
223.700887198986,220.434418066851
223.767593889667,367.643401585466
223.834300580348,509.053803091896
223.901007271029,486.694202397951
223.96771396171,315.422189451396
224.034420652391,299.571773264088
224.101127343072,511.556891498713
224.167834033753,265.345500509647
224.234540724435,290.470566865659
224.301247415116,376.406617090273
224.367954105797,366.522188550318
224.434660796478,373.326361681589
224.501367487159,354.219854754891
224.56807417784,78.1595577732385
224.634780868521,574.386318559545
224.701487559202,481.535279012023
224.768194249883,381.123135375434
224.834900940564,419.22477037843
224.901607631245,273.511633554881
224.968314321926,487.687618301399
225.035021012607,469.224380854555
225.101727703288,376.559287095124
225.16843439397,211.728149495553
225.235141084651,199.84890264802
225.301847775332,549.369446901736
225.368554466013,283.320644540428
225.435261156694,214.583414756746
225.501967847375,211.608329937074
225.568674538056,244.157740609803
225.635381228737,564.487420544172
225.702087919418,93.7180176805496
225.768794610099,221.875203655795
225.83550130078,265.113658432127
225.902207991461,429.568109136953
225.968914682142,650.288442120602
226.035621372824,52.5698148649978
226.102328063505,409.266965148587
226.169034754186,206.662499725629
226.235741444867,479.009018671928
226.302448135548,373.991749287679
226.369154826229,42.9791304892273
226.43586151691,128.24141204297
226.502568207591,250.854336815167
226.569274898272,217.45859930519
226.635981588953,394.07762350875
226.702688279634,361.545388532761
226.769394970315,259.709419504317
226.836101660996,441.875702443455
226.902808351678,56.3697630517726
226.969515042359,209.396628596889
227.03622173304,456.33725932049
227.102928423721,92.4571758750488
227.169635114402,501.766090460217
227.236341805083,177.24902204753
227.303048495764,350.59869385243
227.369755186445,380.527583711196
227.436461877126,63.1643486575707
227.503168567807,302.886815620408
227.569875258488,86.9102264862458
227.636581949169,179.147670561892
227.70328863985,317.860999798174
227.769995330531,188.202549698678
227.836702021213,366.333518369448
227.903408711894,338.197253543272
227.970115402575,192.550984384236
228.036822093256,269.451227112989
228.103528783937,454.84178096791
228.170235474618,414.464387047255
228.236942165299,444.683206964444
228.30364885598,41.3561149705179
228.370355546661,441.743673966496
228.437062237342,506.626090375805
228.503768928023,558.865991671363
228.570475618704,411.643142116085
228.637182309385,332.05178839925
228.703889000067,627.084618923718
228.770595690748,497.829635788903
228.837302381429,435.470881680566
228.90400907211,327.403182801044
228.970715762791,683.793525204474
229.037422453472,498.414025778342
229.104129144153,346.213735700099
229.170835834834,307.418924862836
229.237542525515,220.837135626657
229.304249216196,363.675439017177
229.370955906877,310.003793692911
229.437662597558,126.49441640999
229.504369288239,491.732156491482
229.571075978921,422.585337852585
229.637782669602,224.777122827442
229.704489360283,429.080010524308
229.771196050964,355.266253660744
229.837902741645,481.439136513527
229.904609432326,251.781252662071
229.971316123007,372.459989135317
230.038022813688,459.501153228544
230.104729504369,532.449148085179
230.17143619505,418.899123496352
230.238142885731,531.205322480112
230.304849576412,593.633187238411
230.371556267093,710.306168455476
230.438262957774,634.250735410364
230.504969648456,358.693067036558
230.571676339137,497.908986237572
230.638383029818,611.104702984294
230.705089720499,565.207271070791
230.77179641118,531.687848257686
230.838503101861,219.894217179014
230.905209792542,238.038325858906
230.971916483223,267.603374520801
231.038623173904,253.653932679854
231.105329864585,294.027608195895
231.172036555266,160.215365742797
231.238743245947,120.391644893227
231.305449936628,81.4533125186099
231.37215662731,216.91764936471
231.438863317991,293.044755934736
231.505570008672,261.255147620744
231.572276699353,179.701897466833
231.638983390034,30.366990316934
231.705690080715,69.5695258366275
231.772396771396,229.532671096958
231.839103462077,165.59134306978
231.905810152758,173.006589936949
231.972516843439,77.5963299781361
232.03922353412,153.140576705074
232.105930224801,100.235413524816
232.172636915482,169.139093826939
232.239343606164,133.468335289842
232.306050296845,133.147787572672
232.372756987526,195.831370786147
232.439463678207,59.3066322390557
232.506170368888,163.530194592633
232.572877059569,143.500785494468
232.63958375025,140.462526186763
232.706290440931,259.243563564893
232.772997131612,49.9003671893029
232.839703822293,255.344062353583
232.906410512974,297.641413057928
232.973117203655,369.257714310454
233.039823894336,180.043395222478
233.106530585018,333.651995162819
233.173237275699,189.44223030434
233.23994396638,101.174723334453
233.306650657061,48.7455536944869
233.373357347742,176.574037962683
233.440064038423,408.720816475947
233.506770729104,114.783195488689
233.573477419785,172.009364289819
233.640184110466,99.4642879648148
233.706890801147,402.586450526727
233.773597491828,338.906268510596
233.840304182509,53.2639515174106
233.90701087319,93.7113730954017
233.973717563872,81.8028022634874
234.040424254553,256.83722880615
234.107130945234,241.69653999211
234.173837635915,72.6186156683322
234.240544326596,208.229249234744
234.307251017277,516.584239857272
234.373957707958,237.212522618017
234.440664398639,145.133356393096
234.50737108932,207.073078715887
234.574077780001,203.588507816352
234.640784470682,107.402908744464
234.707491161363,307.644384367288
234.774197852044,212.274185108016
234.840904542725,310.107193991741
234.907611233407,297.82707646118
234.974317924088,210.796722684975
235.041024614769,495.25957471278
235.10773130545,261.95931084875
235.174437996131,173.945946125987
235.241144686812,285.930200900051
235.307851377493,190.322429942599
235.374558068174,453.603298521614
235.441264758855,146.82948377674
235.507971449536,233.430438315957
235.574678140217,157.585699699082
235.641384830898,306.002224549445
235.708091521579,228.290163555929
235.774798212261,217.103085517227
235.841504902942,145.981160047461
235.908211593623,242.343528356824
235.974918284304,372.884217270507
236.041624974985,181.124683634415
236.108331665666,55.7991140075435
236.175038356347,332.901653812018
236.241745047028,301.765589484193
236.308451737709,333.801079187469
236.37515842839,202.8151104275
236.441865119071,164.650012274465
236.508571809752,549.608315741738
236.575278500433,287.384607298205
236.641985191115,332.189052280665
236.708691881796,307.828385944912
236.775398572477,349.552140840696
236.842105263158,483.504596360584
236.908811953839,31.2384036166841
236.97551864452,221.826699383936
237.042225335201,118.363615720132
237.108932025882,329.022179183018
237.175638716563,388.862631612615
237.242345407244,156.995674825925
237.309052097925,70.0121865263608
237.375758788606,56.8018270003706
237.442465479287,88.2433959807074
237.509172169968,287.642208163359
237.57587886065,404.191177930308
237.642585551331,143.406422915496
237.709292242012,219.852076967016
237.775998932693,323.381877035119
237.842705623374,359.032108575757
237.909412314055,226.88627647645
237.976119004736,102.972966888572
238.042825695417,244.166575980101
238.109532386098,345.184664028917
238.176239076779,369.29542921205
238.24294576746,174.290857033024
238.309652458141,215.427199823556
238.376359148822,62.2251978921067
238.443065839504,262.049699774407
238.509772530185,258.606526701333
238.576479220866,92.3555182250184
238.643185911547,372.144925836127
238.709892602228,208.968418587575
238.776599292909,78.2853278313585
238.84330598359,367.053210383535
238.910012674271,269.041594228527
238.976719364952,448.733642499282
239.043426055633,401.284129360846
239.110132746314,252.577119893767
239.176839436995,304.456962651979
239.243546127676,450.796173229798
239.310252818358,522.016372901072
239.376959509039,246.107050338308
239.44366619972,93.6418709173278
239.510372890401,442.026571112697
239.577079581082,381.992494261266
239.643786271763,227.232967635107
239.710492962444,160.894310258564
239.777199653125,146.945727124508
239.843906343806,280.007283161102
239.910613034487,63.6689632763055
239.977319725168,134.120341657667
240.044026415849,253.414049062687
240.11073310653,384.149572176144
240.177439797211,244.783171489682
240.244146487893,358.3676268934
240.310853178574,14.2616393355248
240.377559869255,234.520201250317
240.444266559936,626.578590513528
240.510973250617,434.342966744564
240.577679941298,158.516282859987
240.644386631979,198.857619813042
240.71109332266,254.244490110245
240.777800013341,362.298047066597
240.844506704022,273.685936893014
240.911213394703,140.217548027172
240.977920085384,238.937842114226
241.044626776065,34.9428732968821
241.111333466747,264.266463069475
241.178040157428,193.78107499253
241.244746848109,41.2782150067342
241.31145353879,134.305960625514
241.378160229471,399.136292065952
241.444866920152,373.726899192426
241.511573610833,45.6069688947006
241.578280301514,235.485098609814
241.644986992195,515.491944939128
241.711693682876,541.837446197647
241.778400373557,361.270587865803
241.845107064238,399.813490883756
241.911813754919,262.66053184206
241.978520445601,729.610012703441
242.045227136282,513.687376304147
242.111933826963,453.880241652273
242.178640517644,261.005452567579
242.245347208325,317.246092046634
242.312053899006,754.020594999374
242.378760589687,299.379550417256
242.445467280368,391.207094533045
242.512173971049,197.931704330826
242.57888066173,556.985415567489
242.645587352411,552.39375322397
242.712294043092,432.089280817639
242.779000733773,330.833946516105
242.845707424455,351.807519662688
242.912414115136,306.137972316187
242.979120805817,427.996280307404
243.045827496498,362.239058922824
243.112534187179,31.5393773912268
243.17924087786,230.994345126639
243.245947568541,190.011555082046
243.312654259222,244.093393540037
243.379360949903,181.522961032758
243.446067640584,143.07412046637
243.512774331265,236.273171224417
243.579481021946,331.138297119125
243.646187712627,366.661560617701
243.712894403308,209.282760542333
243.77960109399,238.562796838407
243.846307784671,305.006662521272
243.913014475352,460.234350165699
243.979721166033,200.290747073852
244.046427856714,332.729360774555
244.113134547395,205.212174737431
244.179841238076,323.69881739133
244.246547928757,155.618532587886
244.313254619438,214.939132364678
244.379961310119,38.396611546638
244.4466680008,487.017504177672
244.513374691481,527.287311271485
244.580081382162,118.657532238053
244.646788072844,84.7819495602401
244.713494763525,368.586908896856
244.780201454206,499.24928439436
244.846908144887,347.100330917603
244.913614835568,66.4554670164994
244.980321526249,200.018668366415
245.04702821693,667.009620128384
245.113734907611,472.972881782642
245.180441598292,217.889539334202
245.247148288973,218.685063994877
245.313854979654,296.008504504358
245.380561670335,595.854131039069
245.447268361016,142.69276635561
245.513975051698,219.737710536634
245.580681742379,236.93189854455
245.64738843306,353.277427649502
245.714095123741,366.861777702374
245.780801814422,233.445168055662
245.847508505103,193.528528687369
245.914215195784,230.470797058944
245.980921886465,487.259144982536
246.047628577146,195.559163883168
246.114335267827,269.208722715925
246.181041958508,173.777132326579
246.247748649189,291.576872017417
246.31445533987,437.594305422265
246.381162030551,263.199849514577
246.447868721233,130.712189577955
246.514575411914,280.292503817135
246.581282102595,280.296123832333
246.647988793276,213.087609476443
246.714695483957,434.783324576608
246.781402174638,172.824143485572
246.848108865319,430.62680236165
246.914815556,169.037628180423
246.981522246681,263.594142646934
247.048228937362,459.950292520382
247.114935628043,290.928683239374
247.181642318724,361.30815042106
247.248349009405,130.652170399853
247.315055700087,161.607965377824
247.381762390768,380.64303630567
247.448469081449,311.736922563038
247.51517577213,89.07186338642
247.581882462811,311.775251969074
247.648589153492,531.532378137093
247.715295844173,186.559215770411
247.782002534854,160.11988782353
247.848709225535,275.000257541508
247.915415916216,578.020582410612
247.982122606897,391.667815923414
248.048829297578,234.108478390572
248.115535988259,312.519161315855
248.182242678941,220.197735594767
248.248949369622,759.090329247659
248.315656060303,444.967464091655
248.382362750984,297.237289191421
248.449069441665,422.480961436561
248.515776132346,122.480128620252
248.582482823027,504.844218782051
248.649189513708,373.599514002235
248.715896204389,578.69164250977
248.78260289507,443.655951740571
248.849309585751,230.609334867489
248.916016276432,754.664097069594
248.982722967113,409.479062716958
249.049429657794,215.464470522688
249.116136348476,369.965663362341
249.182843039157,680.560349532175
249.249549729838,646.198975979493
249.316256420519,251.73308837776
249.3829631112,168.01846577525
249.449669801881,476.448715467595
249.516376492562,643.7775261393
249.583083183243,641.0003215667
249.649789873924,325.543299530379
249.716496564605,249.145252496624
249.783203255286,262.362901103729
249.849909945967,590.893853955082
249.916616636648,420.931104585893
249.98332332733,333.567501074332
250.050030018011,150.141656338351
250.116736708692,300.248553464323
250.183443399373,414.561830720989
250.250150090054,327.3254610663
250.316856780735,312.818405318524
250.383563471416,220.54448636802
250.450270162097,285.776701605906
250.516976852778,193.483508560371
250.583683543459,418.729876852792
250.65039023414,162.576259391588
250.717096924821,305.137953659775
250.783803615502,300.57904298316
250.850510306184,224.771010661499
250.917216996865,224.447525287457
250.983923687546,192.401610332863
251.050630378227,179.948102024288
251.117337068908,204.781127092957
251.184043759589,149.114515539077
251.25075045027,318.786942828816
251.317457140951,140.200613130826
251.384163831632,153.77745490174
251.450870522313,360.46042275502
251.517577212994,65.5623505593514
251.584283903675,364.385153679056
251.650990594356,175.912183548456
251.717697285038,114.648640115976
251.784403975719,320.532330034038
251.8511106664,239.432209567023
251.917817357081,50.9038353563749
251.984524047762,139.283453078886
252.051230738443,96.7554858368443
252.117937429124,177.630515631573
252.184644119805,157.407671063626
252.251350810486,336.243940993215
252.318057501167,225.091428073342
252.384764191848,263.212532586815
252.451470882529,191.892383865605
252.51817757321,104.274442384444
252.584884263891,307.047521836901
252.651590954573,402.919394404524
252.718297645254,297.651623501552
252.785004335935,97.2992256260077
252.851711026616,319.672565742161
252.918417717297,496.493797400273
252.985124407978,528.144699292836
253.051831098659,362.178499406476
253.11853778934,252.75326637551
253.185244480021,228.419301569807
253.251951170702,659.518276175035
253.318657861383,342.101461976498
253.385364552064,277.678559170424
253.452071242745,345.46692217353
253.518777933427,194.100618941003
253.585484624108,321.724175733724
253.652191314789,48.7234576934963
253.71889800547,218.682650817504
253.785604696151,412.735951674042
253.852311386832,403.742737331676
253.919018077513,231.59688361575
253.985724768194,214.459596190707
254.052431458875,151.251726354986
254.119138149556,420.57437416934
254.185844840237,406.41964494494
254.252551530918,161.024215806702
254.319258221599,228.528311068912
254.385964912281,134.607866928043
254.452671602962,192.379651320645
254.519378293643,412.681279156471
254.586084984324,50.6559471134456
254.652791675005,284.379112558759
254.719498365686,152.864821992384
254.786205056367,264.632535413679
254.852911747048,267.435595493889
254.919618437729,356.453772849624
254.98632512841,84.2125000978889
255.053031819091,391.916712575325
255.119738509772,305.662726630734
255.186445200453,132.979399434559
255.253151891135,183.041557280902
255.319858581816,227.744310334754
255.386565272497,165.710324807285
255.453271963178,104.52549463627
255.519978653859,243.833016818268
255.58668534454,232.881222899392
255.653392035221,219.279998771421
255.720098725902,247.746092318397
255.786805416583,148.630851052064
255.853512107264,236.405118790017
255.920218797945,267.626791928303
255.986925488626,310.037821750267
256.053632179307,19.1069350316648
256.120338869988,48.8608745830781
256.18704556067,125.084999691288
256.253752251351,209.648490311671
256.320458942032,109.590893394213
256.387165632713,119.855266539945
256.453872323394,188.090073962719
256.520579014075,180.921675707922
256.587285704756,417.284255558549
256.653992395437,400.169194734527
256.720699086118,168.890294235173
256.787405776799,174.710679462963
256.85411246748,151.531434946094
256.920819158161,383.895671631076
256.987525848842,373.41818620929
257.054232539524,8.92205415931487
257.120939230205,142.559521802575
257.187645920886,340.3705684451
257.254352611567,471.524348586702
257.321059302248,457.947920898559
257.387765992929,174.034245352672
257.45447268361,87.3095304586289
257.521179374291,300.559347500901
257.587886064972,255.137995893187
257.654592755653,444.078691041064
257.721299446334,124.064488539641
257.788006137015,191.308904066196
257.854712827696,225.972373108181
257.921419518377,265.870350632538
257.988126209059,498.835765674273
258.05483289974,246.90531078182
258.121539590421,29.8720647980225
258.188246281102,295.500774781383
258.254952971783,268.672960827696
258.321659662464,187.600589831451
258.388366353145,68.1877729762201
258.455073043826,170.252730590196
258.521779734507,258.586180675692
258.588486425188,169.920279453565
258.655193115869,316.978524831185
258.72189980655,233.177793054306
258.788606497232,314.94163330189
258.855313187913,241.446293080992
258.922019878594,200.55537197437
258.988726569275,164.379154409298
259.055433259956,388.911261782198
259.122139950637,267.135428884386
259.188846641318,235.150201990308
259.255553331999,274.549196863598
259.32226002268,239.963193543981
259.388966713361,350.47207264127
259.455673404042,234.405097945451
259.522380094723,430.052547602082
259.589086785404,165.856711777608
259.655793476085,377.656563224117
259.722500166767,327.870009140632
259.789206857448,143.230441239793
259.855913548129,301.182848668551
259.92262023881,152.168689181246
259.989326929491,306.283083737763
260.056033620172,221.495780055973
260.122740310853,293.657093756574
260.189447001534,246.341083276665
260.256153692215,364.309329653576
260.322860382896,187.756222638129
260.389567073577,212.41874954093
260.456273764258,321.097074346894
260.522980454939,192.532626848195
260.589687145621,194.484746842857
260.656393836302,180.319249487357
260.723100526983,149.858191170896
260.789807217664,298.588955911284
260.856513908345,77.2012151986445
260.923220599026,109.01396972075
260.989927289707,189.36054983465
261.056633980388,361.304800913925
261.123340671069,201.0559774018
261.19004736175,31.7446107346085
261.256754052431,183.190267872898
261.323460743112,13.8800086351016
261.390167433793,265.237279019095
261.456874124474,133.062799515369
261.523580815156,165.571166953657
261.590287505837,18.0657699896376
261.656994196518,9.17834870432594
261.723700887199,48.2136433433922
261.79040757788,322.888432542783
261.857114268561,101.546370947774
261.923820959242,105.740463192821
261.990527649923,189.946190341431
262.057234340604,250.664759575036
262.123941031285,290.776843287064
262.190647721966,189.425074612395
262.257354412647,269.917840465026
262.324061103328,334.515144294952
262.39076779401,414.637304899569
262.457474484691,264.976453380592
262.524181175372,330.580542705677
262.590887866053,287.268259355115
262.657594556734,401.670679876353
262.724301247415,189.485706607978
262.791007938096,174.519208915642
262.857714628777,159.80376707881
262.924421319458,145.376400368158
262.991128010139,183.279201109756
263.05783470082,154.756765965408
263.124541391501,235.367334408232
263.191248082182,381.603404700047
263.257954772864,102.347970916066
263.324661463545,276.451263468436
263.391368154226,441.566381611434
263.458074844907,436.559575994261
263.524781535588,370.385800513587
263.591488226269,208.645463356646
263.65819491695,402.977629664808
263.724901607631,493.19711638637
263.791608298312,290.12705882925
263.858314988993,120.928667413794
263.925021679674,302.164560133587
263.991728370355,384.432301163162
264.058435061036,303.886585691381
264.125141751718,29.5905791186747
264.191848442399,203.376649595695
264.25855513308,307.692970277207
264.325261823761,191.293021360032
264.391968514442,130.616810272989
264.458675205123,105.382767553365
264.525381895804,81.5874632431917
264.592088586485,181.039634165804
264.658795277166,157.166066380094
264.725501967847,139.954153498657
264.792208658528,105.642035741158
264.858915349209,193.491354528895
264.92562203989,331.450902012201
264.992328730572,43.9891815920684
265.059035421253,117.588113909162
265.125742111934,246.256426387917
265.192448802615,212.699997184229
265.259155493296,143.937786260116
265.325862183977,150.44445878282
265.392568874658,58.5243008527971
265.459275565339,305.580271229305
265.52598225602,271.463165514361
265.592688946701,62.8457704872158
265.659395637382,389.970073936919
265.726102328063,172.364529961041
265.792809018744,208.976916448343
265.859515709425,330.636989072428
265.926222400107,64.3364860396477
265.992929090788,195.77060769074
266.059635781469,209.048251709397
266.12634247215,79.8491846078266
266.193049162831,271.955822073153
266.259755853512,159.150388897137
266.326462544193,149.158445853362
266.393169234874,204.842980392264
266.459875925555,353.456488992949
266.526582616236,290.274721300892
266.593289306917,143.021041998296
266.659995997598,40.7345872168932
266.726702688279,166.897652637953
266.793409378961,335.765818108704
266.860116069642,225.011495712466
266.926822760323,326.643561527874
266.993529451004,229.62990789334
267.060236141685,289.692482952063
267.126942832366,260.207556392049
267.193649523047,64.9901657200347
267.260356213728,579.148831137326
267.327062904409,180.792865399983
267.39376959509,178.025668394235
267.460476285771,145.276813040728
267.527182976452,89.494100341902
267.593889667133,412.369663081841
267.660596357814,122.130459710727
267.727303048496,101.898411399754
267.794009739177,128.80563066931
267.860716429858,282.139688629394
267.927423120539,262.727008970554
267.99412981122,228.278466458121
268.060836501901,152.16836867545
268.127543192582,89.6028592349855
268.194249883263,375.433177407313
268.260956573944,277.692052378256
268.327663264625,230.28819533289
268.394369955306,298.716669922655
268.461076645987,105.338632151059
268.527783336669,165.002947737359
268.59449002735,174.557595575926
268.661196718031,187.875499712629
268.727903408712,188.070526595307
268.794610099393,159.346554623747
268.861316790074,97.3328128301569
268.928023480755,284.083921613813
268.994730171436,164.3000284503
269.061436862117,191.957250480459
269.128143552798,331.135210925815
269.194850243479,520.081449740016
269.26155693416,488.195458488797
269.328263624841,321.224987727023
269.394970315522,322.805321861925
269.461677006204,446.390449849751
269.528383696885,715.891637909693
269.595090387566,480.609501801436
269.661797078247,260.855024103755
269.728503768928,321.237839575867
269.795210459609,485.973439989072
269.86191715029,362.694438624328
269.928623840971,211.862318070518
269.995330531652,241.843255869714
270.062037222333,275.477875440005
270.128743913014,157.514351069724
270.195450603695,225.220427679201
270.262157294376,176.776441180505
270.328863985058,247.063869788754
270.395570675739,217.82549094553
270.46227736642,72.3144813046511
270.528984057101,75.8531569068094
270.595690747782,197.835426780937
270.662397438463,108.082237835461
270.729104129144,113.097535433051
270.795810819825,282.766553667773
270.862517510506,293.667519985261
270.929224201187,289.767998381915
270.995930891868,407.854855979745
271.062637582549,109.209985915734
271.12934427323,35.0051049830024
271.196050963911,254.617070012149
271.262757654593,140.945562134688
271.329464345274,193.22013587074
271.396171035955,214.839721697897
271.462877726636,314.994098616594
271.529584417317,317.557642821043
271.596291107998,80.1248541922216
271.662997798679,165.434353066397
271.72970448936,282.011870254737
271.796411180041,282.521830380791
271.863117870722,271.939417028838
271.929824561403,127.682782393176
271.996531252084,292.024549946038
272.063237942765,274.293642967329
272.129944633447,272.135047553534
272.196651324128,231.767969343654
272.263358014809,95.8668370636631
272.33006470549,392.742996446183
272.396771396171,485.319321314985
272.463478086852,174.112960828819
272.530184777533,301.540616015099
272.596891468214,195.485229128323
272.663598158895,417.390504136256
272.730304849576,363.977226771352
272.797011540257,179.003651091462
272.863718230938,285.59967014624
272.930424921619,445.269184457882
272.997131612301,141.577193227832
273.063838302982,230.328733666732
273.130544993663,383.587627735866
273.197251684344,282.351896537012
273.263958375025,459.347230723502
273.330665065706,305.18542812748
273.397371756387,321.97736802263
273.464078447068,413.377363383197
273.530785137749,296.074873454086
273.59749182843,196.708123401517
273.664198519111,351.352119680456
273.730905209792,132.172698812826
273.797611900473,233.312696147347
273.864318591154,301.595080070194
273.931025281836,295.293575729118
273.997731972517,370.188157014867
274.064438663198,225.596164084092
274.131145353879,145.06766662021
274.19785204456,486.28593603208
274.264558735241,469.446932731516
274.331265425922,207.853460674198
274.397972116603,174.819947315679
274.464678807284,169.314289383645
274.531385497965,503.351612001301
274.598092188646,191.467738455669
274.664798879327,428.146661696449
274.731505570008,66.3867842535172
274.79821226069,171.243038000786
274.864918951371,527.494612535387
274.931625642052,518.386061004731
274.998332332733,536.588844151776
275.065039023414,21.3174800691362
275.131745714095,199.700218233014
275.198452404776,533.128927402588
275.265159095457,451.305645563457
275.331865786138,257.061378026962
275.398572476819,140.651506386986
275.4652791675,421.451687848195
275.531985858181,335.919150293548
275.598692548862,367.141297850358
275.665399239544,268.203383272594
275.732105930225,37.6078945402744
275.798812620906,174.914200280015
275.865519311587,271.8643480297
275.932226002268,105.041858132924
275.998932692949,286.425753747034
276.06563938363,117.75576092247
276.132346074311,217.529029399675
276.199052764992,68.0206782612344
276.265759455673,121.120509860769
276.332466146354,121.225664094822
276.399172837035,131.967686826309
276.465879527716,273.291619539624
276.532586218398,187.796855134758
276.599292909079,87.1807741452438
276.66599959976,145.479516626029
276.732706290441,439.404752151547
276.799412981122,344.97981101814
276.866119671803,167.837790546576
276.932826362484,20.1282387684261
276.999533053165,492.003898862921
277.066239743846,380.910993865342
277.132946434527,383.087376425248
277.199653125208,131.71906833825
277.266359815889,139.612376219665
277.33306650657,458.480129201671
277.399773197251,247.749103753412
277.466479887933,138.516453006328
277.533186578614,139.290909730361
277.599893269295,237.369257852485
277.666599959976,457.004724099036
277.733306650657,361.735568409012
277.800013341338,173.060645577448
277.866720032019,130.862952432718
277.9334267227,402.665876059517
278.000133413381,481.522103351298
278.066840104062,257.980503920148
278.133546794743,79.3422852327737
278.200253485424,389.966497392525
278.266960176105,602.644828687683
278.333666866787,412.296419237038
278.400373557468,303.283296065618
278.467080248149,214.30369389215
278.53378693883,422.536203283974
278.600493629511,499.765135428761
278.667200320192,274.405483270105
278.733907010873,241.62233267026
278.800613701554,248.302978968275
278.867320392235,357.312562208576
278.934027082916,594.691604078018
279.000733773597,246.051915937013
279.067440464278,117.26730096737
279.134147154959,296.753986442875
279.20085384564,368.717908768047
279.267560536322,387.658481809084
279.334267227003,213.554569837892
279.400973917684,26.0114605096058
279.467680608365,201.08048245276
279.534387299046,413.931849985083
279.601093989727,186.873208977738
279.667800680408,287.523676527846
279.734507371089,219.074992022159
279.80121406177,178.973902441608
279.867920752451,370.079297003371
279.934627443132,225.879381919777
280.001334133813,262.986163142707
280.068040824495,144.577462699565
280.134747515176,89.3059407309668
280.201454205857,200.858778054715
280.268160896538,292.170363800775
280.334867587219,119.796913411677
280.4015742779,73.1632053058365
280.468280968581,113.734401086688
280.534987659262,90.0163393682455
280.601694349943,413.008553169782
280.668401040624,24.5777377331053
280.735107731305,139.653836992525
280.801814421986,231.835132544523
280.868521112667,170.355024726736
280.935227803348,264.8478964699
281.00193449403,256.900705264547
281.068641184711,258.874026167797
281.135347875392,241.872456218563
281.202054566073,323.229229326128
281.268761256754,282.55611279292
281.335467947435,326.399279729428
281.402174638116,238.369010452404
281.468881328797,258.133665632235
281.535588019478,533.401595502118
281.602294710159,518.102308272246
281.66900140084,381.046225358581
281.735708091521,74.4511566349861
281.802414782202,337.433073722874
281.869121472884,371.967962430984
281.935828163565,290.181252603021
282.002534854246,257.677981007059
282.069241544927,196.909374393286
282.135948235608,365.457109270264
282.202654926289,276.743171237785
282.26936161697,304.821331865375
282.336068307651,81.0164546101059
282.402774998332,369.466444309508
282.469481689013,252.330821540911
282.536188379694,61.2362037442598
282.602895070375,129.070591729221
282.669601761056,335.868846962963
282.736308451738,393.898335882487
282.803015142419,148.250742345452
282.8697218331,155.667476885583
282.936428523781,288.818460638922
283.003135214462,423.604507893764
283.069841905143,319.384440990498
283.136548595824,260.222517348374
283.203255286505,352.730538528539
283.269961977186,179.675800936363
283.336668667867,387.849187434027
283.403375358548,241.587220825095
283.470082049229,431.34475483936
283.53678873991,55.8456371940662
283.603495430591,118.349180521656
283.670202121273,191.433269130582
283.736908811954,343.959996452411
283.803615502635,181.219452810857
283.870322193316,97.6271948773749
283.937028883997,262.669167069388
284.003735574678,288.777152033191
284.070442265359,364.77538164115
284.13714895604,265.076329270327
284.203855646721,45.4689562736424
284.270562337402,469.953563122419
284.337269028083,290.356147490033
284.403975718764,385.488495913868
284.470682409445,246.372077382861
284.537389100127,94.0936067198689
284.604095790808,413.475750790988
284.670802481489,176.560779798053
284.73750917217,486.160680609519
284.804215862851,259.241425233347
284.870922553532,217.368496445706
284.937629244213,416.775447656925
285.004335934894,128.097947184696
285.071042625575,302.819540394923
285.137749316256,204.958196554478
285.204456006937,400.11744267641
285.271162697618,381.478092601934
285.337869388299,272.524360946634
285.404576078981,469.171676423928
285.471282769662,120.967904419905
285.537989460343,472.625044878724
285.604696151024,305.08821274023
285.671402841705,284.897227663508
285.738109532386,163.269250466442
285.804816223067,15.7627937955603
285.871522913748,543.88895562905
285.938229604429,131.065302666822
286.00493629511,230.967412014808
286.071642985791,158.782788253847
286.138349676472,86.4955780357055
286.205056367153,169.369194085254
286.271763057835,59.4984719839882
286.338469748516,225.439494090471
286.405176439197,243.918300883874
286.471883129878,42.0899987146018
286.538589820559,99.6810108872719
286.60529651124,188.556935093676
286.672003201921,294.45226927848
286.738709892602,262.616698974488
286.805416583283,155.624177902462
286.872123273964,46.4261297691705
286.938829964645,170.251156818674
287.005536655326,228.74638724681
287.072243346007,103.970671430326
287.138950036688,39.4265570883604
287.20565672737,115.105636566262
287.272363418051,388.280030285038
287.339070108732,263.219168146297
287.405776799413,233.115695873341
287.472483490094,69.2962363690693
287.539190180775,60.5297807005387
287.605896871456,226.835278116557
287.672603562137,375.073001880579
287.739310252818,145.522332545293
287.806016943499,283.799130456149
287.87272363418,48.5609171119665
287.939430324861,226.656137186388
288.006137015542,125.081898151877
288.072843706224,292.704584406318
288.139550396905,150.101165817538
288.206257087586,269.393026907044
288.272963778267,254.937717883525
288.339670468948,64.8768937780142
288.406377159629,189.167733929388
288.47308385031,26.3478225220879
288.539790540991,335.527641145402
288.606497231672,170.33771066318
288.673203922353,53.6702519994239
288.739910613034,314.5446185729
288.806617303715,261.720360558738
288.873323994396,290.348519029391
288.940030685077,285.466924972356
289.006737375759,124.464490731254
289.07344406644,206.059326881008
289.140150757121,343.585230636322
289.206857447802,83.8056607335173
289.273564138483,164.441531867891
289.340270829164,62.155326345123
289.406977519845,230.305044841747
289.473684210526,395.048305711075
289.540390901207,109.931503668697
289.607097591888,182.407877349329
289.673804282569,156.975639780206
289.74051097325,331.545307495313
289.807217663932,234.197559445594
289.873924354613,154.929454540064
289.940631045294,80.0850832499803
290.007337735975,148.939424532463
290.074044426656,444.560521836762
290.140751117337,381.980839996146
290.207457808018,156.295301363745
290.274164498699,291.063102622523
290.34087118938,160.712249266363
290.407577880061,253.629772706508
290.474284570742,443.193081539217
290.540991261423,114.114295674757
290.607697952104,404.993927973608
290.674404642785,235.69182861072
290.741111333467,508.858598589269
290.807818024148,266.50252440548
290.874524714829,131.454824971924
290.94123140551,187.96219975444
291.007938096191,330.013080671007
291.074644786872,409.689579696236
291.141351477553,142.038286872988
291.208058168234,194.175590623062
291.274764858915,298.390212587725
291.341471549596,176.528220641669
291.408178240277,315.888262824122
291.474884930958,198.372832999109
291.541591621639,131.60333175819
291.608298312321,209.132899820026
291.675005003002,276.056663050473
291.741711693683,365.833119399967
291.808418384364,95.8400753287422
291.875125075045,112.736971004533
291.941831765726,194.654033961922
292.008538456407,107.368681757736
292.075245147088,399.261049601324
292.141951837769,20.5118878417281
292.20865852845,197.811858706128
292.275365219131,155.116884024914
292.342071909812,219.77845773516
292.408778600493,230.132610991734
292.475485291174,353.746269218471
292.542191981856,133.416628518902
292.608898672537,127.299723784063
292.675605363218,52.282641206534
292.742312053899,145.950230381835
292.80901874458,198.021592361155
292.875725435261,224.886614888928
292.942432125942,212.988643030607
293.009138816623,211.118277068367
293.075845507304,202.190244835305
293.142552197985,274.627146835031
293.209258888666,81.4315825736318
293.275965579347,169.007898771136
293.342672270028,249.305746070469
293.40937896071,55.8918865308169
293.476085651391,64.0064571477781
293.542792342072,127.699564788665
293.609499032753,219.475346680746
293.676205723434,231.833039296223
293.742912414115,69.9793586168041
293.809619104796,152.638932753434
293.876325795477,141.739801552518
293.943032486158,63.6466678268785
294.009739176839,163.624775112841
294.07644586752,50.3139241846241
294.143152558201,116.828462211603
294.209859248882,290.88803706146
294.276565939564,100.678647190626
294.343272630245,142.6282501096
294.409979320926,201.402992935473
294.476686011607,287.576921925278
294.543392702288,226.882697815227
294.610099392969,87.7694376611457
294.67680608365,77.3370037361474
294.743512774331,189.339256405364
294.810219465012,118.917164700144
294.876926155693,315.782619667219
294.943632846374,83.9584764576917
295.010339537055,151.853276727638
295.077046227736,228.219926831427
295.143752918418,105.829297724193
295.210459609099,370.261391293364
295.27716629978,123.603317657543
295.343872990461,90.9427174591254
295.410579681142,191.308645614488
295.477286371823,165.550112922891
295.543993062504,432.839513671498
295.610699753185,199.874470639457
295.677406443866,99.3173389905325
295.744113134547,111.420813645051
295.810819825228,175.521677596361
295.877526515909,319.548064457425
295.94423320659,61.9598049226468
296.010939897271,270.934796974561
296.077646587953,32.880642018047
296.144353278634,31.8262835896524
296.211059969315,177.867358528474
296.277766659996,112.915249796266
296.344473350677,171.243496406216
296.411180041358,213.012654672889
296.477886732039,162.012250280505
296.54459342272,28.5235837978951
296.611300113401,152.932067870393
296.678006804082,329.013165818802
296.744713494763,55.7585832282192
296.811420185444,74.1624843950662
296.878126876125,354.840854023638
296.944833566807,175.995426916098
297.011540257488,282.095118549016
297.078246948169,121.942898467084
297.14495363885,215.626543870077
297.211660329531,273.511779512745
297.278367020212,108.087973528465
297.345073710893,271.04657693524
297.411780401574,335.417521294403
297.478487092255,153.93593361616
297.545193782936,152.673500078286
297.611900473617,134.013262679287
297.678607164298,238.452897436622
297.745313854979,315.152149359703
297.812020545661,207.264820572405
297.878727236342,220.492803390808
297.945433927023,292.319123532157
298.012140617704,358.892390659159
298.078847308385,452.216948652002
298.145553999066,119.445294653064
298.212260689747,211.873693190689
298.278967380428,302.246460113937
298.345674071109,377.859017103466
298.41238076179,319.458166750674
298.479087452471,172.340717832678
298.545794143152,392.404818280538
298.612500833833,293.149872287736
298.679207524514,41.5318078590464
298.745914215196,66.201317616354
298.812620905877,131.697190622392
298.879327596558,197.07596912132
298.946034287239,361.942774447666
299.01274097792,113.474793738185
299.079447668601,125.140021279819
299.146154359282,236.743858809464
299.212861049963,6.62259642802737
299.279567740644,122.693215285998
299.346274431325,295.899772083005
299.412981122006,215.271359551633
299.479687812687,206.042651272935
299.546394503369,132.243699174454
299.61310119405,266.586384043745
299.679807884731,162.241532354844
299.746514575412,177.745597183555
299.813221266093,314.952259127308
299.879927956774,125.821064212203
299.946634647455,166.048600935441
300.013341338136,279.187946651932
300.080048028817,138.89489582865
300.146754719498,57.3174729095839
300.213461410179,170.478940859058
300.28016810086,269.066878252442
300.346874791541,66.6545349417188
300.413581482222,134.691354389356
300.480288172904,292.753352605631
300.546994863585,138.559946688034
300.613701554266,53.6492723001392
300.680408244947,270.91141534705
300.747114935628,102.137262360252
300.813821626309,180.940933161857
300.88052831699,33.1652767191965
300.947235007671,206.016882890402
301.013941698352,388.325867235862
301.080648389033,98.6373992318189
301.147355079714,270.024863288643
301.214061770395,50.7071564616264
301.280768461076,199.718008765424
301.347475151758,229.813815555923
301.414181842439,280.611230438903
301.48088853312,19.3421550114834
301.547595223801,138.992559744321
301.614301914482,135.369137912027
301.681008605163,45.5132707737278
301.747715295844,83.934056225632
301.814421986525,30.9154167480395
301.881128677206,260.307204837153
301.947835367887,107.707430696969
302.014542058568,158.031083830695
302.081248749249,23.0948831887764
302.14795543993,158.56250479714
302.214662130611,348.406549153127
302.281368821293,69.7794942813222
302.348075511974,223.430770508661
302.414782202655,74.5443063962313
302.481488893336,201.598412119366
302.548195584017,149.103151063879
302.614902274698,76.7260513632913
302.681608965379,217.906294482022
302.74831565606,112.411537162875
302.815022346741,298.433170736867
302.881729037422,37.1865755444574
302.948435728103,242.559424707954
303.015142418784,100.661463124131
303.081849109465,225.317593545781
303.148555800147,206.511114448592
303.215262490828,291.742282540331
303.281969181509,199.109305333627
303.34867587219,91.4847405256045
303.415382562871,98.1175656530822
303.482089253552,317.682374142899
303.548795944233,216.374687881141
303.615502634914,104.983599296664
303.682209325595,37.3734704390725
303.748916016276,97.5837788098455
303.815622706957,125.567767850009
303.882329397638,79.1748974884099
303.949036088319,191.834577685713
304.015742779001,135.419089890464
304.082449469682,271.19286952441
304.149156160363,89.1409334551082
304.215862851044,230.588644188287
304.282569541725,334.233831938163
304.349276232406,120.941722724215
304.415982923087,279.887387827826
304.482689613768,313.982953806425
304.549396304449,324.070184588147
304.61610299513,408.333211330386
304.682809685811,200.172405120159
304.749516376492,358.774018081769
304.816223067173,114.364957695258
304.882929757854,190.494492008815
304.949636448536,196.828127936403
305.016343139217,53.9300071746522
305.083049829898,257.96592063814
305.149756520579,347.711118151929
305.21646321126,271.446422262032
305.283169901941,59.0231019247238
305.349876592622,52.9217905380108
305.416583283303,26.6708807017881
305.483289973984,284.132304110936
305.549996664665,248.856575461371
305.616703355346,140.572915602451
305.683410046027,103.593855723613
305.750116736708,2.23104242125506
305.81682342739,173.076897219355
305.883530118071,148.672257580687
305.950236808752,34.1328413693587
306.016943499433,104.420128818946
306.083650190114,57.3946327310732
306.150356880795,18.1143720561763
306.217063571476,86.3596631941033
306.283770262157,86.7340318102293
306.350476952838,241.489925111304
306.417183643519,150.883289761351
306.4838903342,113.203631666118
306.550597024881,221.99633725804
306.617303715562,49.9575224019319
306.684010406244,2.37083262305574
306.750717096925,64.0178923827125
306.817423787606,182.844579205059
306.884130478287,267.06976096118
306.950837168968,185.251171299754
307.017543859649,65.548317204996
307.08425055033,95.9088701463878
307.150957241011,164.605219237366
307.217663931692,164.237129406965
307.284370622373,101.708260853829
307.351077313054,266.981829335317
307.417784003735,79.7708853170579
307.484490694416,134.515390436806
307.551197385098,152.008073759756
307.617904075779,193.074757580136
307.68461076646,296.875459194496
307.751317457141,279.916962251107
307.818024147822,312.679597245101
307.884730838503,254.825350302099
307.951437529184,178.367627945882
308.018144219865,325.631245989369
308.084850910546,90.0439130868072
308.151557601227,345.071812580865
308.218264291908,198.695060616509
308.284970982589,20.4316267190971
308.35167767327,276.06907211425
308.418384363951,86.2320164226341
308.485091054633,159.763577651971
308.551797745314,150.704164047307
308.618504435995,230.674950082361
308.685211126676,176.51844248373
308.751917817357,326.577837092379
308.818624508038,118.153165369358
308.885331198719,276.228785872755
308.9520378894,401.167976577253
309.018744580081,158.383511989625
309.085451270762,338.889312280684
309.152157961443,199.413136930202
309.218864652124,319.015820580377
309.285571342805,231.980512410441
309.352278033487,58.8499771229475
309.418984724168,219.580218258467
309.485691414849,163.915982264357
309.55239810553,227.208145084252
309.619104796211,23.7696641769646
309.685811486892,127.927577139093
309.752518177573,224.268285280934
309.819224868254,136.751672078844
309.885931558935,264.007623526449
309.952638249616,202.667072900732
310.019344940297,118.783143649448
310.086051630978,68.5595436595286
310.152758321659,191.356898989804
310.21946501234,132.089673933994
310.286171703022,307.31484921319
310.352878393703,53.4665457042896
310.419585084384,296.15411385194
310.486291775065,152.716776257078
310.552998465746,340.63176422501
310.619705156427,291.948135597738
310.686411847108,261.682515434843
310.753118537789,150.117944802246
310.81982522847,236.86434589196
310.886531919151,352.880123107216
310.953238609832,43.8378393386095
311.019945300513,83.9746283663574
311.086651991195,145.783277239304
311.153358681876,108.768358382793
311.220065372557,217.519484133014
311.286772063238,88.3927689246032
311.353478753919,185.934043495395
311.4201854446,48.4802012878846
311.486892135281,116.474592735765
311.553598825962,104.727852234479
311.620305516643,129.54836854551
311.687012207324,171.578395017971
311.753718898005,128.264193852955
311.820425588686,37.5634639816606
311.887132279367,173.310144802078
311.953838970048,424.466050756446
312.02054566073,198.061478491404
312.087252351411,173.019787200665
312.153959042092,457.513461530271
312.220665732773,125.761040589313
312.287372423454,189.222542382157
312.354079114135,79.4917497937554
312.420785804816,247.774004966571
312.487492495497,485.269017560448
312.554199186178,94.8860368963784
312.620905876859,162.139874965824
312.68761256754,238.083429218727
312.754319258221,385.464966311859
312.821025948902,432.766312342519
312.887732639584,213.637628576266
312.954439330265,244.073196581305
313.021146020946,139.015881547772
313.087852711627,247.204283257835
313.154559402308,334.029967126042
313.221266092989,21.5891227587588
313.28797278367,78.8679224293483
313.354679474351,255.853359962427
313.421386165032,278.701705356273
313.488092855713,120.915425229425
313.554799546394,119.826336436658
313.621506237075,164.289240689285
313.688212927756,99.2911135445177
313.754919618437,29.9747637536131
313.821626309119,213.042664005225
313.8883329998,238.467058255069
313.955039690481,51.8028379922368
314.021746381162,178.861739706025
314.088453071843,141.095605586447
314.155159762524,506.872862811846
314.221866453205,224.676949917406
314.288573143886,222.044058361134
314.355279834567,277.343154228151
314.421986525248,271.575867850695
314.488693215929,204.936439274681
314.55539990661,161.88221338176
314.622106597291,95.3542192277566
314.688813287973,78.1085031692011
314.755519978654,382.50284591404
314.822226669335,236.129407192105
314.888933360016,196.657600290206
314.955640050697,37.8263141770293
315.022346741378,99.0970795953361
315.089053432059,282.001752368716
315.15576012274,193.973637935872
315.222466813421,48.0378187199197
315.289173504102,102.537967032243
315.355880194783,264.846479704638
315.422586885464,194.793222838604
315.489293576145,135.062220758198
315.556000266827,178.799396798443
315.622706957508,121.268372604067
315.689413648189,314.325642441461
315.75612033887,125.082444542767
315.822827029551,139.981744242907
315.889533720232,146.562763100457
315.956240410913,292.601299250318
316.022947101594,210.221895972806
316.089653792275,65.5528954410508
316.156360482956,245.942383460147
316.223067173637,116.367047052115
316.289773864318,97.7074333180454
316.356480554999,195.518459987483
316.423187245681,128.15253299131
316.489893936362,375.842387709427
316.556600627043,301.090434061154
316.623307317724,130.014634908522
316.690014008405,131.502828106136
316.756720699086,35.6776941912756
316.823427389767,409.732082501863
316.890134080448,289.687525287525
316.956840771129,179.17432981048
317.02354746181,79.1778201587223
317.090254152491,238.230004498388
317.156960843172,68.3694574904192
317.223667533853,228.876208879829
317.290374224535,52.2876238613247
317.357080915216,128.671186530678
317.423787605897,187.709433272949
317.490494296578,125.900653905164
317.557200987259,245.895629215782
317.62390767794,166.290271818684
317.690614368621,347.901546874682
317.757321059302,122.613535177018
317.824027749983,90.6512776566105
317.890734440664,46.2520103410622
317.957441131345,122.911163796503
318.024147822026,308.778719956528
318.090854512707,181.60559713411
318.157561203388,68.5371962316868
318.22426789407,187.881762776551
318.290974584751,116.161937948575
318.357681275432,397.86115677241
318.424387966113,103.416446024381
318.491094656794,164.601963877256
318.557801347475,114.844977921368
318.624508038156,58.5311000574306
318.691214728837,457.096243642815
318.757921419518,234.841528637575
318.824628110199,290.053042999828
318.89133480088,176.185962172225
318.958041491561,265.155152547443
319.024748182242,202.890499861634
319.091454872924,433.65382538253
319.158161563605,126.314714693651
319.224868254286,165.137374277381
319.291574944967,46.7533329123673
319.358281635648,179.354360528265
319.424988326329,286.257234348305
319.49169501701,192.63306638608
319.558401707691,39.3528245305472
319.625108398372,254.622482064718
319.691815089053,408.561451291938
319.758521779734,214.173429356185
319.825228470415,167.859505511169
319.891935161096,198.087990210058
319.958641851777,97.9371420223628
320.025348542459,256.320751713965
320.09205523314,282.425318706147
320.158761923821,382.9030057866
320.225468614502,349.440715365707
320.292175305183,174.077060345334
320.358881995864,150.152735123106
320.425588686545,285.804128454503
320.492295377226,262.372325598259
320.559002067907,205.701238243336
320.625708758588,163.779968288901
320.692415449269,36.1284841976574
320.75912213995,321.575832767451
320.825828830632,275.170949905174
320.892535521313,80.143033614553
320.959242211994,184.081016155633
321.025948902675,267.896429167472
321.092655593356,111.888453672978
321.159362284037,106.415130802581
321.226068974718,45.9946541277106
321.292775665399,233.419016457193
321.35948235608,179.977772295765
321.426189046761,165.197537791559
321.492895737442,165.482910028182
321.559602428123,379.588724095297
321.626309118804,370.532722890318
321.693015809485,220.62249631779
321.759722500167,39.150772176768
321.826429190848,279.147437469737
321.893135881529,380.039395747092
321.95984257221,240.62491504714
322.026549262891,89.5051139079485
322.093255953572,177.820148637117
322.159962644253,47.0931027327308
322.226669334934,126.91268479488
322.293376025615,115.017105877871
322.360082716296,78.7401633754555
322.426789406977,78.0563217087936
322.493496097658,119.170915520436
322.560202788339,112.601584126621
322.626909479021,217.662939097383
322.693616169702,253.610945660142
322.760322860383,261.192305743169
322.827029551064,271.787549517016
322.893736241745,90.9553328945327
322.960442932426,293.419867608578
323.027149623107,209.97770732049
323.093856313788,304.293895431191
323.160563004469,133.358897691353
323.22726969515,336.251188185673
323.293976385831,385.114518999564
323.360683076512,118.537757615287
323.427389767193,203.362795706191
323.494096457874,147.204539234155
323.560803148556,222.644022780416
323.627509839237,130.885307942645
323.694216529918,205.940161569532
323.760923220599,116.281302487927
323.82762991128,173.729964743974
323.894336601961,247.515422596981
323.961043292642,264.821289168935
324.027749983323,138.773365467364
324.094456674004,168.105792501606
324.161163364685,184.193990681482
324.227870055366,532.162405300185
324.294576746047,404.499243678988
324.361283436728,70.8103261239396
324.42799012741,250.946190747065
324.494696818091,113.670185852773
324.561403508772,271.65094850808
324.628110199453,87.2234704509912
324.694816890134,129.900086547123
324.761523580815,217.265244577576
324.828230271496,362.235440413076
324.894936962177,353.454437470368
324.961643652858,156.131838435212
325.028350343539,179.772870759238
325.09505703422,282.709360318723
325.161763724901,499.990115740801
325.228470415582,84.8825970520217
325.295177106264,161.946699352786
325.361883796945,222.593598370801
325.428590487626,311.799734265387
325.495297178307,348.003363376739
325.562003868988,222.944909771035
325.628710559669,153.223681944044
325.69541725035,298.437742983096
325.762123941031,284.331166625134
325.828830631712,307.223708213394
325.895537322393,350.387999121379
325.962244013074,35.630812241382
326.028950703755,220.699009803699
326.095657394436,128.60007193503
326.162364085118,164.994528695232
326.229070775799,209.48087313515
326.29577746648,179.615649074323
326.362484157161,75.0482098634187
326.429190847842,208.114923264376
326.495897538523,125.632566881182
326.562604229204,152.864859394618
326.629310919885,125.386882527744
326.696017610566,247.847311864771
326.762724301247,261.122271890364
326.829430991928,335.568253251828
326.896137682609,260.649384593388
326.96284437329,181.752907032435
327.029551063971,159.297736869057
327.096257754653,120.397319647035
327.162964445334,174.445183398224
327.229671136015,187.719044622436
327.296377826696,102.565874718757
327.363084517377,136.503076268753
327.429791208058,123.953909176292
327.496497898739,132.694878825019
327.56320458942,118.814460110484
327.629911280101,85.7919897752326
327.696617970782,46.0485625795851
327.763324661463,138.657097860538
327.830031352144,291.292375216829
327.896738042825,65.624755032597
327.963444733507,246.23463916984
328.030151424188,125.753407527363
328.096858114869,172.118091845546
328.16356480555,253.181654653822
328.230271496231,134.701219701833
328.296978186912,184.371929982858
328.363684877593,94.0578953692312
328.430391568274,255.963799594483
328.497098258955,320.389742568288
328.563804949636,162.270687142573
328.630511640317,165.068888390681
328.697218330998,251.999716721313
328.763925021679,237.022072032289
328.830631712361,255.388969646701
328.897338403042,87.5631562882842
328.964045093723,133.557284284725
329.030751784404,184.756633590431
329.097458475085,139.223704136399
329.164165165766,271.468538332084
329.230871856447,127.956533440066
329.297578547128,192.229427184395
329.364285237809,407.977179777525
329.43099192849,145.392984609581
329.497698619171,100.489620974145
329.564405309852,322.965110234231
329.631112000533,231.946691955238
329.697818691214,382.292146243702
329.764525381896,324.589527516608
329.831232072577,207.660984677992
329.897938763258,243.677040205694
329.964645453939,97.5497936848583
330.03135214462,361.810427156755
330.098058835301,92.4217166211214
330.164765525982,136.650896323226
330.231472216663,370.05590032846
330.298178907344,183.528853480177
330.364885598025,116.317550672929
330.431592288706,135.630470543438
330.498298979387,278.376832422129
330.565005670069,195.037475512597
330.63171236075,120.961733930087
330.698419051431,156.163263908083
330.765125742112,192.955306831431
330.831832432793,30.9795815022779
330.898539123474,89.8513837397171
330.965245814155,167.454828613975
331.031952504836,362.707620348583
331.098659195517,51.6990422887805
331.165365886198,181.920396780848
331.232072576879,143.677075155476
331.29877926756,94.6028244126968
331.365485958241,335.089937043408
331.432192648922,227.26638135499
331.498899339604,238.626954136683
331.565606030285,133.724875054867
331.632312720966,182.539845644834
331.699019411647,100.919957011609
331.765726102328,240.766220115218
331.832432793009,182.760235591062
331.89913948369,88.0187253631376
331.965846174371,209.989765031157
332.032552865052,175.246853461385
332.099259555733,362.552255940378
332.165966246414,218.375174671744
332.232672937095,205.02068144798
332.299379627776,274.684713893955
332.366086318458,189.131465025313
332.432793009139,210.741957483792
332.49949969982,127.96470363162
332.566206390501,103.554278439423
332.632913081182,179.680209309452
332.699619771863,193.592700975505
332.766326462544,126.978702525101
332.833033153225,307.529756775152
332.899739843906,212.425195420708
332.966446534587,185.459807700212
333.033153225268,325.070750075403
333.099859915949,378.036207345897
333.16656660663,183.281110379506
333.233273297311,107.341679684196
333.299979987993,110.489818535465
333.366686678674,79.4394596081833
333.433393369355,424.493276611974
333.500100060036,133.24660525678
333.566806750717,280.73469007333
333.633513441398,171.416761297257
333.700220132079,212.190404970116
333.76692682276,196.084243551544
333.833633513441,98.5127059180604
333.900340204122,220.784181591731
333.967046894803,119.807369437545
334.033753585484,319.223712164968
334.100460276165,230.040588498415
334.167166966847,112.314405192446
334.233873657528,278.04916752872
334.300580348209,291.579809273091
334.36728703889,141.340639625717
334.433993729571,172.463329419691
334.500700420252,198.03489565554
334.567407110933,149.001189408187
334.634113801614,91.237294449135
334.700820492295,141.462089580227
334.767527182976,162.150852420491
334.834233873657,259.394491659815
334.900940564338,285.328121410723
334.967647255019,126.70265300341
335.034353945701,32.4466259810746
335.101060636382,169.632164434147
335.167767327063,184.810033899846
335.234474017744,350.40207005425
335.301180708425,262.930629462191
335.367887399106,176.832163051765
335.434594089787,164.935975012155
335.501300780468,170.116982032166
335.568007471149,388.150692696318
335.63471416183,315.763577773173
335.701420852511,245.375908299837
335.768127543192,103.727683367318
335.834834233873,153.315524741939
335.901540924554,188.477635857805
335.968247615236,296.189602803646
336.034954305917,186.924932602412
336.101660996598,71.7824090349646
336.168367687279,87.7153467800403
336.23507437796,231.639818229254
336.301781068641,248.802509222105
336.368487759322,148.184092512919
336.435194450003,301.45165377745
336.501901140684,34.5897911408114
336.568607831365,266.596341873816
336.635314522046,86.9161512961884
336.702021212727,130.365741963031
336.768727903408,398.933337015756
336.83543459409,243.724361830874
336.902141284771,198.668830582668
336.968847975452,287.465969869645
337.035554666133,140.430722894565
337.102261356814,340.297296305807
337.168968047495,154.024216580509
337.235674738176,196.929125214397
337.302381428857,131.581651600167
337.369088119538,357.061323318994
337.435794810219,348.116570141805
337.5025015009,73.2110750754314
337.569208191581,157.211570564469
337.635914882262,56.3936498298064
337.702621572944,233.76838058293
337.769328263625,143.085722749225
337.836034954306,55.8180795835992
337.902741644987,53.4559108882731
337.969448335668,149.580906081491
338.036155026349,191.523482821386
338.10286171703,73.2185898560116
338.169568407711,143.847273667268
338.236275098392,160.636996105485
338.302981789073,82.2330215085427
338.369688479754,155.144639806158
338.436395170435,173.839571766563
338.503101861116,95.6555380454822
338.569808551798,76.4349017289731
338.636515242479,79.3232182944349
338.70322193316,65.4461146228877
338.769928623841,299.598104867257
338.836635314522,108.985694200335
338.903342005203,95.8827456655324
338.970048695884,141.760737193943
339.036755386565,96.6460611268568
339.103462077246,111.266951720473
339.170168767927,369.716322741917
339.236875458608,129.525355856095
339.303582149289,63.8580332295623
339.37028883997,126.206210102557
339.436995530651,174.337224064293
339.503702221333,310.584999188505
339.570408912014,171.636655656105
339.637115602695,111.449579278443
339.703822293376,109.069921066637
339.770528984057,116.046127854319
339.837235674738,235.870837501851
339.903942365419,181.280817683932
339.9706490561,68.5394191359114
340.037355746781,20.8531247481119
340.104062437462,127.280892181249
340.170769128143,456.41006995738
340.237475818824,241.9453450141
340.304182509505,136.258646167399
340.370889200187,83.5343279977399
340.437595890868,73.0798230500923
340.504302581549,109.988627499546
340.57100927223,203.541605605068
340.637715962911,178.080729434716
340.704422653592,167.508685015763
340.771129344273,138.636524474046
340.837836034954,80.4930080919373
340.904542725635,64.1999094018017
340.971249416316,138.15046793695
341.037956106997,12.1823649800437
341.104662797678,123.826688164539
341.171369488359,131.316660081054
341.23807617904,114.958181270067
341.304782869722,288.12970223813
341.371489560403,73.7009492367324
341.438196251084,215.423662655946
341.504902941765,186.040063420305
341.571609632446,108.975207559
341.638316323127,183.640516745421
341.705023013808,354.514770226206
341.771729704489,271.478822318778
341.83843639517,391.56309787022
341.905143085851,157.144855788693
341.971849776532,246.160290112088
342.038556467213,223.547950258733
342.105263157895,271.284277198531
342.171969848576,211.483179864962
342.238676539257,151.451684749068
342.305383229938,276.615828013065
342.372089920619,539.628128064719
342.4387966113,201.141778849575
342.505503301981,96.2604850303685
342.572209992662,60.048795119208
342.638916683343,248.60771012373
342.705623374024,236.954918708133
342.772330064705,184.912801451336
342.839036755386,245.142693500287
342.905743446067,163.22070866509
342.972450136748,402.106484053477
343.03915682743,230.698399980693
343.105863518111,46.9394234547324
343.172570208792,204.882162778895
343.239276899473,177.454664462409
343.305983590154,139.171693421439
343.372690280835,112.955808730464
343.439396971516,144.271640405879
343.506103662197,188.334502985975
343.572810352878,134.110136007162
343.639517043559,82.1672156882479
343.70622373424,139.662359297857
343.772930424921,146.900876549915
343.839637115602,43.2803063477231
343.906343806284,80.046679918591
343.973050496965,370.451004351143
344.039757187646,309.247121277191
344.106463878327,243.79226772786
344.173170569008,101.932490785714
344.239877259689,67.7839365394981
344.30658395037,246.326202109736
344.373290641051,150.016693765013
344.439997331732,40.8088169504654
344.506704022413,15.1048782644718
344.573410713094,221.53479485677
344.640117403775,288.184539744875
344.706824094456,230.673344954466
344.773530785137,161.746269793766
344.840237475819,72.0171908994532
344.9069441665,232.278184397403
344.973650857181,136.486453990091
345.040357547862,127.017075113454
345.107064238543,214.28151866908
345.173770929224,227.246465730809
345.240477619905,173.885549805342
345.307184310586,182.462854889032
345.373891001267,136.290796084115
345.440597691948,245.925438062933
345.507304382629,268.47788820763
345.57401107331,241.618744409916
345.640717763991,147.149643209352
345.707424454673,302.758123804237
345.774131145354,268.964728651183
345.840837836035,239.071704037454
345.907544526716,205.925686178693
345.974251217397,168.686923823957
346.040957908078,520.187116534353
346.107664598759,233.90561868935
346.17437128944,197.169096137504
346.241077980121,296.952930337725
346.307784670802,288.371529512089
346.374491361483,537.561640983011
346.441198052164,122.038635462106
346.507904742845,335.812904908681
346.574611433527,187.903084175376
346.641318124208,250.524876303643
346.708024814889,278.400581180893
346.77473150557,132.835274245841
346.841438196251,373.427118005208
346.908144886932,347.959112565902
346.974851577613,181.170327421034
347.041558268294,209.059282390941
347.108264958975,186.175999139125
347.174971649656,411.508885546769
347.241678340337,274.771160494897
347.308385031018,241.349043430801
347.375091721699,80.4738374844451
347.441798412381,91.9000640348003
347.508505103062,168.97857379721
347.575211793743,50.0784067327472
347.641918484424,121.405777800224
347.708625175105,178.423269954299
347.775331865786,107.74648423586
347.842038556467,176.766825703766
347.908745247148,204.704968381821
347.975451937829,229.659345831916
348.04215862851,104.109982967353
348.108865319191,125.835552331109
348.175572009872,144.252863566818
348.242278700553,21.6168607968202
348.308985391235,339.893318231478
348.375692081916,112.071573295087
348.442398772597,185.716048932442
348.509105463278,203.56811466505
348.575812153959,32.4132858501564
348.64251884464,368.886127375311
348.709225535321,239.232505521433
348.775932226002,196.514946145229
348.842638916683,53.6887550977661
348.909345607364,48.1013918365253
348.976052298045,235.372486552773
349.042758988726,206.006048427321
349.109465679407,157.533010197302
349.176172370088,71.3266005823008
349.24287906077,60.7665224226428
349.309585751451,127.41395359279
349.376292442132,72.6249516385684
349.442999132813,152.580171601824
349.509705823494,115.965946659914
349.576412514175,218.949382383497
349.643119204856,236.578170567581
349.709825895537,57.6359448123459
349.776532586218,127.657317836602
349.843239276899,137.765626445952
349.90994596758,163.829711075766
349.976652658261,172.412850038099
350.043359348942,91.4300543139904
350.110066039624,110.979203794283
350.176772730305,121.910451180129
350.243479420986,72.9125257682195
350.310186111667,198.506144818429
350.376892802348,104.911129734467
350.443599493029,193.127526237858
350.51030618371,116.398753446363
350.577012874391,197.27596682218
350.643719565072,259.779592611435
350.710426255753,203.937906614904
350.777132946434,145.870591057861
350.843839637115,215.10064255735
350.910546327796,140.20413366122
350.977253018477,151.314522245892
351.043959709159,344.265080708193
351.11066639984,111.629157400913
351.177373090521,191.270078658131
351.244079781202,155.241880032147
351.310786471883,166.799466559013
351.377493162564,99.7072530836197
351.444199853245,363.991849295686
351.510906543926,144.14376173961
351.577613234607,225.861192063672
351.644319925288,299.455282968658
351.711026615969,124.422075846679
351.77773330665,196.932366388994
351.844439997332,251.201477212163
351.911146688013,150.985871911781
351.977853378694,83.5255106559412
352.044560069375,233.142620463043
352.111266760056,145.145104221215
352.177973450737,386.449755748338
352.244680141418,263.843057538428
352.311386832099,133.245741272144
352.37809352278,300.339596532321
352.444800213461,71.9362314105055
352.511506904142,273.488207238817
352.578213594823,366.764089072204
352.644920285504,67.6038826511559
352.711626976185,261.555602753284
352.778333666867,204.842164764971
352.845040357548,177.963573361241
352.911747048229,247.675794468948
352.97845373891,142.412212474853
353.045160429591,163.126390403903
353.111867120272,175.253304754564
353.178573810953,245.751470889437
353.245280501634,24.1311182832449
353.311987192315,238.634245172065
353.378693882996,245.318633303459
353.445400573677,83.0933429418423
353.512107264358,449.567561486066
353.578813955039,157.632899327143
353.645520645721,253.899099036803
353.712227336402,26.6270873914211
353.778934027083,19.9524106360981
353.845640717764,259.127631190157
353.912347408445,102.798718899637
353.979054099126,54.2115299809442
354.045760789807,192.17153840714
354.112467480488,88.2498622620724
354.179174171169,66.3037318588441
354.24588086185,193.621889437413
354.312587552531,303.182951856897
354.379294243212,187.651251135152
354.446000933893,63.6398377977968
354.512707624574,295.201188992587
354.579414315256,184.884486707264
354.646121005937,99.5722737612718
354.712827696618,158.649814338259
354.779534387299,305.039511550563
354.84624107798,176.204147440862
354.912947768661,172.454117966325
354.979654459342,206.595236215084
355.046361150023,33.1253101482165
355.113067840704,360.442754314475
355.179774531385,207.594321815935
355.246481222066,241.497870932308
355.313187912747,240.649266453762
355.379894603428,105.627233211676
355.44660129411,279.314762444677
355.513307984791,168.851290560246
355.580014675472,144.302074105355
355.646721366153,99.7396906746216
355.713428056834,140.512964530136
355.780134747515,172.334105184095
355.846841438196,155.18294960888
355.913548128877,145.216833223271
355.980254819558,94.4118277680114
356.046961510239,53.8204201960646
356.11366820092,135.811195947584
356.180374891601,187.519710531106
356.247081582282,107.626658564825
356.313788272964,92.9187810075334
356.380494963645,179.882588677495
356.447201654326,81.6664217388315
356.513908345007,101.426006681784
356.580615035688,79.5931960136176
356.647321726369,180.81555493693
356.71402841705,90.3513195879447
356.780735107731,284.803371308074
356.847441798412,442.853112269288
356.914148489093,284.603498188725
356.980855179774,333.190384815932
357.047561870455,373.65938204744
357.114268561136,403.193305796651
357.180975251818,393.441384595901
357.247681942499,339.660671833522
357.31438863318,362.194640155662
357.381095323861,317.597943744929
357.447802014542,240.308977792199
357.514508705223,260.33559509098
357.581215395904,342.932592560179
357.647922086585,193.008398603527
357.714628777266,238.933732161339
357.781335467947,103.513452560578
357.848042158628,262.357288945112
357.914748849309,31.6190051277469
357.98145553999,183.860057291743
358.048162230671,166.546676408997
358.114868921353,166.418918578286
358.181575612034,257.011840197152
358.248282302715,105.013711306782
358.314988993396,264.125350058105
358.381695684077,97.3569161139686
358.448402374758,74.4619733904226
358.515109065439,45.9923109777151
358.58181575612,339.123937837003
358.648522446801,53.1811336187334
358.715229137482,207.914324628935
358.781935828163,262.374339101005
358.848642518844,79.2212131102965
358.915349209525,267.673175805891
358.982055900207,210.534395076269
359.048762590888,264.790860885179
359.115469281569,246.33376393144
359.18217597225,123.491113307483
359.248882662931,340.361788766349
359.315589353612,353.129777847963
359.382296044293,208.063821616688
359.449002734974,275.435309815646
359.515709425655,74.9367536091283
359.582416116336,380.497014816688
359.649122807017,318.317377740675
359.715829497698,134.291076293659
359.782536188379,51.1761388512671
359.849242879061,53.8798863841134
359.915949569742,190.488505575679
359.982656260423,217.628102567336
360.049362951104,57.3025190765065
360.116069641785,98.5922825704022
360.182776332466,95.4871168214383
360.249483023147,92.1877694646857
360.316189713828,227.269739685432
360.382896404509,178.212625242482
360.44960309519,176.559278184347
360.516309785871,81.0591741369444
360.583016476552,146.940440880358
360.649723167233,235.198560227716
360.716429857914,156.59141656779
360.783136548596,111.393985317208
360.849843239277,120.421160932122
360.916549929958,162.3325954557
360.983256620639,145.229673472483
361.04996331132,49.495994837696
361.116670002001,63.7034456961826
361.183376692682,85.5025277705969
361.250083383363,40.4381317186035
361.316790074044,144.503645938665
361.383496764725,218.17609240922
361.450203455406,103.293228478586
361.516910146087,133.235401041504
361.583616836768,152.268731881992
361.65032352745,105.885583939971
361.717030218131,184.695730756933
361.783736908812,278.220403573164
361.850443599493,82.0211990679834
361.917150290174,196.586039906647
361.983856980855,170.283517394001
362.050563671536,118.097980382278
362.117270362217,40.7437582459229
362.183977052898,145.148611255072
362.250683743579,130.06148761607
362.31739043426,179.506224336019
362.384097124941,90.0798870318486
362.450803815622,193.214533305432
362.517510506304,58.8319983466518
362.584217196985,23.8901098748863
362.650923887666,19.4506396173668
362.717630578347,50.1830507079059
362.784337269028,207.10776555531
362.851043959709,226.612242871611
362.91775065039,180.910750623748
362.984457341071,99.8693984192333
363.051164031752,215.04930904673
363.117870722433,164.901312598536
363.184577413114,94.4698385193481
363.251284103795,67.6272530697304
363.317990794476,89.8814638980565
363.384697485158,239.989747166832
363.451404175839,115.89066697786
363.51811086652,179.977151345739
363.584817557201,145.198608997473
363.651524247882,197.542941345809
363.718230938563,161.602541292958
363.784937629244,98.7537816411713
363.851644319925,56.3919821694486
363.918351010606,52.4056900525971
363.985057701287,229.246862130816
364.051764391968,322.978692337066
364.118471082649,102.139363517577
364.18517777333,107.188011765527
364.251884464011,250.945739770071
364.318591154693,197.078647414463
364.385297845374,112.502295788835
364.452004536055,28.4831833862003
364.518711226736,176.384462012799
364.585417917417,151.771994392395
364.652124608098,80.2597559080785
364.718831298779,214.952702407726
364.78553798946,87.2192246294574
364.852244680141,115.095587461644
364.918951370822,197.895640203031
364.985658061503,259.234330536673
365.052364752184,257.813708987789
365.119071442865,134.353982713341
365.185778133547,101.000890857549
365.252484824228,149.211587383313
365.319191514909,77.8392368783888
365.38589820559,181.852124201814
365.452604896271,135.325053393941
365.519311586952,262.133844416556
365.586018277633,50.4997347539201
365.652724968314,231.423538280542
365.719431658995,184.432310434309
365.786138349676,161.681187774806
365.852845040357,274.06356778148
365.919551731038,92.8475771137532
365.986258421719,111.874340708619
366.0529651124,280.661559216075
366.119671803082,166.93910998871
366.186378493763,32.8786864244364
366.253085184444,63.2319770399926
366.319791875125,191.347590659003
366.386498565806,323.848229804405
366.453205256487,289.252035915549
366.519911947168,32.2649333158414
366.586618637849,180.265401704584
366.65332532853,345.320326928028
366.720032019211,228.380457527842
366.786738709892,305.409658282938
366.853445400573,164.449840175053
366.920152091254,88.8712271177151
366.986858781936,285.740503811444
367.053565472617,38.4062897305069
367.120272163298,146.229792971924
367.186978853979,262.532145552662
367.25368554466,213.139623696839
367.320392235341,277.491465372896
367.387098926022,200.669844204195
367.453805616703,154.627862950687
367.520512307384,200.360689705468
367.587218998065,129.84693666597
367.653925688746,247.941037484508
367.720632379427,274.815021088365
367.787339070108,181.980734978233
367.85404576079,273.113218332824
367.920752451471,50.8697799785198
367.987459142152,238.707765921039
368.054165832833,105.568154051569
368.120872523514,330.433100429894
368.187579214195,144.720253866413
368.254285904876,215.584250294966
368.320992595557,231.539070511321
368.387699286238,246.045133735248
368.454405976919,236.355956373358
368.5211126676,232.038786091194
368.587819358281,214.248490258686
368.654526048962,81.7767657268305
368.721232739644,189.941887258712
368.787939430325,79.2938102163678
368.854646121006,331.077471170778
368.921352811687,59.5811715939815
368.988059502368,93.5708521521291
369.054766193049,156.876390458648
369.12147288373,165.78930488245
369.188179574411,199.507808120174
369.254886265092,59.3272301699399
369.321592955773,93.079726822271
369.388299646454,167.219558566663
369.455006337135,153.762608577882
369.521713027816,225.763427600995
369.588419718498,86.9778014367027
369.655126409179,291.052812667176
369.72183309986,75.9740085071118
369.788539790541,226.484351599508
369.855246481222,277.147138694731
369.921953171903,126.733581003362
369.988659862584,214.310852976351
370.055366553265,210.368123973543
370.122073243946,169.110863188705
370.188779934627,142.705563084776
370.255486625308,267.942652996118
370.322193315989,267.912895514412
370.38890000667,159.277785412067
370.455606697351,282.60784585689
370.522313388033,279.323463888677
370.589020078714,436.490469336265
370.655726769395,161.994960344204
370.722433460076,138.643784202303
370.789140150757,111.793763657779
370.855846841438,419.584541604153
370.922553532119,232.042296607196
370.9892602228,161.865711890696
371.055966913481,199.18874921316
371.122673604162,53.8309627865105
371.189380294843,147.967401984054
371.256086985524,132.304635957959
371.322793676205,180.088466906051
371.389500366887,147.573810785755
371.456207057568,146.569950119561
371.522913748249,94.958330863368
371.58962043893,231.332361791819
371.656327129611,90.5527992970523
371.723033820292,117.070136628036
371.789740510973,79.5420296812777
371.856447201654,134.352875378947
371.923153892335,51.9077208955224
371.989860583016,36.0738198386865
372.056567273697,87.7398997609535
372.123273964378,262.908247408441
372.189980655059,12.2758328532664
372.25668734574,145.456524625033
372.323394036422,265.394423797428
372.390100727103,79.7381804329508
372.456807417784,285.625000020775
372.523514108465,104.049830329446
372.590220799146,165.309645598078
372.656927489827,290.998263393186
372.723634180508,63.2479051131721
372.790340871189,345.336549948881
372.85704756187,215.312576905116
372.923754252551,161.774128412622
372.990460943232,120.039122155504
373.057167633913,114.257568584146
373.123874324595,200.847553650748
373.190581015276,192.194320940457
373.257287705957,94.0558061889839
373.323994396638,278.675654750572
373.390701087319,6.06081872829425
373.457407778,160.000960159181
373.524114468681,113.789884313894
373.590821159362,193.28371051478
373.657527850043,201.075641363131
373.724234540724,182.922878381707
373.790941231405,76.1228647883546
373.857647922086,117.135417304343
373.924354612767,153.043030243647
373.991061303448,223.992470108859
374.05776799413,201.479673017202
374.124474684811,66.7179955910533
374.191181375492,82.6964830417053
374.257888066173,86.158628616519
374.324594756854,158.561929635002
374.391301447535,192.774685275098
374.458008138216,75.6510273143831
374.524714828897,105.994124700896
374.591421519578,99.5710860991686
374.658128210259,259.983254894824
374.72483490094,240.602195200039
374.791541591621,289.99748494466
374.858248282302,264.297390939634
374.924954972984,306.942797622254
374.991661663665,248.652798976179
375.058368354346,78.0441815448924
375.125075045027,403.526224546667
375.191781735708,253.922253955652
375.258488426389,159.319987766595
375.32519511707,296.90411438583
375.391901807751,120.556729100597
375.458608498432,308.291638032638
375.525315189113,168.075386048575
375.592021879794,124.499562956374
375.658728570475,145.885812473304
375.725435261156,152.770630180492
375.792141951837,102.894640055273
375.858848642519,115.994236823384
375.9255553332,21.7523326367795
375.992262023881,323.940683878482
376.058968714562,79.4415692594032
376.125675405243,318.883190034638
376.192382095924,32.8782782835038
376.259088786605,83.3984228514586
376.325795477286,84.600041450827
376.392502167967,139.518557254031
376.459208858648,197.367833903915
376.525915549329,53.3193976966888
376.59262224001,68.080375184134
376.659328930691,171.447189380963
376.726035621373,207.846004767088
376.792742312054,141.72979080779
376.859449002735,114.308557987146
376.926155693416,108.651298840493
376.992862384097,16.0395977808441
377.059569074778,183.581386302631
377.126275765459,15.8814568911177
377.19298245614,153.667190979585
377.259689146821,56.4457930798061
377.326395837502,85.1844863248533
377.393102528183,22.0670265452681
377.459809218864,147.505622920409
377.526515909545,122.697455179878
377.593222600227,124.313682634108
377.659929290908,201.438444502538
377.726635981589,144.258530845487
377.79334267227,67.5881528817853
377.860049362951,149.862340381313
377.926756053632,112.216691512993
377.993462744313,23.9500806616566
378.060169434994,194.828135592628
378.126876125675,175.723944238886
378.193582816356,323.981918166868
378.260289507037,134.733550265154
378.326996197718,214.716372464921
378.393702888399,82.0854928173666
378.460409579081,45.1118293184127
378.527116269762,238.744010010182
378.593822960443,64.4865551511691
378.660529651124,68.5550288440356
378.727236341805,157.282841748851
378.793943032486,82.9438938827851
378.860649723167,190.768018888991
378.927356413848,84.859066741008
378.994063104529,58.5897834645001
379.06076979521,85.091816105796
379.127476485891,121.687984225362
379.194183176572,65.4366497186394
379.260889867253,128.78235538218
379.327596557934,123.07331968213
379.394303248616,155.288388185711
379.461009939297,81.531958258452
379.527716629978,165.211924555578
379.594423320659,223.137185855807
379.66113001134,33.5160136322478
379.727836702021,175.771226583496
379.794543392702,24.3534694058773
379.861250083383,66.4535087440367
379.927956774064,71.4811590357967
379.994663464745,155.250075293306
380.061370155426,230.394673523798
380.128076846107,86.4886866832437
380.194783536788,78.8014296221962
380.26149022747,88.2378067128101
380.328196918151,219.80295518447
380.394903608832,294.570736096161
380.461610299513,104.407395633912
380.528316990194,115.592840262479
380.595023680875,31.3987228455409
380.661730371556,190.86371333187
380.728437062237,88.9522349447414
380.795143752918,186.8163260163
380.861850443599,117.793753956588
380.92855713428,23.038339618231
380.995263824961,238.799927500807
381.061970515642,38.4039692773379
381.128677206324,138.264308620864
381.195383897005,92.2341643049648
381.262090587686,315.338124852756
381.328797278367,21.3457656024704
381.395503969048,92.7800808827286
381.462210659729,169.37289021848
381.52891735041,60.2841261765173
381.595624041091,54.4844544491059
381.662330731772,168.192860995294
381.729037422453,360.005408175892
381.795744113134,233.516667716146
381.862450803815,76.5701774888494
381.929157494496,99.2411035753146
381.995864185177,142.43259907794
382.062570875859,215.022893281286
382.12927756654,75.2501872131201
382.195984257221,111.406969055258
382.262690947902,153.768992826096
382.329397638583,287.861178470113
382.396104329264,167.205973701379
382.462811019945,192.171654090886
382.529517710626,146.667783039745
382.596224401307,260.483365740395
382.662931091988,189.274788443652
382.729637782669,36.8352839737874
382.79634447335,273.600711136674
382.863051164032,241.703229249502
382.929757854713,188.294179384389
382.996464545394,147.2701981257
383.063171236075,79.6577822150395
383.129877926756,230.571960583173
383.196584617437,204.315542734323
383.263291308118,111.57490293016
383.329997998799,166.972252089276
383.39670468948,200.564253353689
383.463411380161,92.4315690601389
383.530118070842,17.34886202359
383.596824761523,131.778335075506
383.663531452204,272.674356727277
383.730238142885,319.041983019804
383.796944833567,19.6858631862905
383.863651524248,33.005239762358
383.930358214929,178.026355763814
383.99706490561,317.538414463352
384.063771596291,187.27549235327
384.130478286972,136.521861971443
384.197184977653,215.69948349761
384.263891668334,154.847408833533
384.330598359015,113.893870472853
384.397305049696,127.552254436701
384.464011740377,65.9118924012578
384.530718431058,182.981864877687
384.597425121739,218.321997690279
384.664131812421,144.018516588198
384.730838503102,72.5354937476421
384.797545193783,112.254349493913
384.864251884464,147.672071213653
384.930958575145,61.5216682494213
384.997665265826,22.9570544907738
385.064371956507,97.5242327814717
385.131078647188,166.786129186035
385.197785337869,126.921203316817
385.26449202855,155.380662944573
385.331198719231,215.720889725168
385.397905409912,109.445042393494
385.464612100593,241.042488338855
385.531318791274,96.8769236396562
385.598025481956,176.593536793672
385.664732172637,94.5271247993311
385.731438863318,108.476701572468
385.798145553999,253.593968309948
385.86485224468,220.36162430847
385.931558935361,73.7301204299916
385.998265626042,130.257306088087
386.064972316723,143.779391570604
386.131679007404,415.130584049989
386.198385698085,290.466300287638
386.265092388766,61.194028367785
386.331799079447,128.687631984677
386.398505770128,313.384261297142
386.46521246081,216.292057149871
386.531919151491,82.8955676383036
386.598625842172,195.489367559123
386.665332532853,200.120961137725
386.732039223534,250.05412509747
386.798745914215,51.4822103749402
386.865452604896,182.258823229993
386.932159295577,27.1754050478618
386.998865986258,174.183862355057
387.065572676939,215.665174537315
387.13227936762,143.428397356959
387.198986058301,29.0914693777763
387.265692748982,82.0884192873831
387.332399439664,141.056119783086
387.399106130345,109.482010901906
387.465812821026,31.3848645817664
387.532519511707,14.4063857302221
387.599226202388,131.921248285478
387.665932893069,156.382105975984
387.73263958375,233.149389839569
387.799346274431,115.600994037423
387.866052965112,165.354936639669
387.932759655793,278.90740110505
387.999466346474,270.019262276221
388.066173037155,267.05465160271
388.132879727836,61.1887956681968
388.199586418518,102.713228342236
388.266293109199,62.9651037640087
388.33299979988,202.019058804703
388.399706490561,223.584828117758
388.466413181242,152.390068343246
388.533119871923,90.9684834386561
388.599826562604,147.90251394419
388.666533253285,61.494110035852
388.733239943966,284.345521513354
388.799946634647,164.34489537503
388.866653325328,50.4265739924908
388.933360016009,172.68003919897
389.00006670669,94.5924584400701
389.066773397371,110.546492574706
389.133480088053,251.789267827246
389.200186778734,104.502892919016
389.266893469415,130.841614246346
389.333600160096,140.219369736304
389.400306850777,167.419026010277
389.467013541458,176.734786070428
389.533720232139,202.313252287958
389.60042692282,169.562461784453
389.667133613501,253.352441276177
389.733840304182,48.0649956113751
389.800546994863,64.3202450604175
389.867253685544,307.510051166785
389.933960376225,76.3953225407325
390.000667066907,69.7014353706459
390.067373757588,113.56787518569
390.134080448269,73.8144928638335
390.20078713895,205.027964064821
390.267493829631,127.595836003317
390.334200520312,34.7310984751155
390.400907210993,166.309135958685
390.467613901674,143.584006426604
390.534320592355,205.475786289849
390.601027283036,109.494203840529
390.667733973717,22.5699036117816
390.734440664398,219.425578565135
390.801147355079,213.794072362646
390.867854045761,129.377440447831
390.934560736442,128.692204749544
391.001267427123,104.98736339144
391.067974117804,110.2191731414
391.134680808485,298.454354893983
391.201387499166,82.5897424738063
391.268094189847,168.980488639296
391.334800880528,139.312055905019
391.401507571209,82.3441273221124
391.46821426189,75.3455150508187
391.534920952571,164.905135173453
391.601627643252,105.745056325559
391.668334333933,174.364769031036
391.735041024614,12.9031037421857
391.801747715296,182.326135947945
391.868454405977,101.8879713193
391.935161096658,117.324150388939
392.001867787339,157.592824615295
392.06857447802,82.8316343932315
392.135281168701,50.9764512723557
392.201987859382,246.20734493928
392.268694550063,252.564643206664
392.335401240744,49.0239909469995
392.402107931425,153.68875709197
392.468814622106,186.648360931194
392.535521312787,255.927228167184
392.602228003468,173.969959909115
392.66893469415,32.6064590265002
392.735641384831,198.030435049856
392.802348075512,186.226708875363
392.869054766193,188.969495463394
392.935761456874,171.638350208955
393.002468147555,209.305406627646
393.069174838236,164.34752051905
393.135881528917,239.198400580347
393.202588219598,49.9434186128583
393.269294910279,322.110428351995
393.33600160096,121.705116072896
393.402708291641,51.0079188213395
393.469414982322,286.260876657264
393.536121673004,91.1963345318156
393.602828363685,211.10724847484
393.669535054366,68.2140699951063
393.736241745047,37.6704272643787
393.802948435728,189.428051560351
393.869655126409,206.374512362796
393.93636181709,58.3560648705512
394.003068507771,172.803170329374
394.069775198452,102.777838764059
394.136481889133,212.097754465079
394.203188579814,288.7213655726
394.269895270495,124.287711171474
394.336601961176,87.6242182591402
394.403308651858,163.35484724929
394.470015342539,309.049057638988
394.53672203322,71.9489810555507
394.603428723901,102.975216814511
394.670135414582,461.229905833211
394.736842105263,287.421682675656
394.803548795944,81.5591850827457
394.870255486625,96.2469674961073
394.936962177306,267.521785051228
395.003668867987,472.538743081116
395.070375558668,269.00091515862
395.137082249349,99.4925064852494
395.20378894003,271.234946851235
395.270495630711,381.248256842221
395.337202321393,223.471244451277
395.403909012074,352.092093998575
395.470615702755,403.210742760763
395.537322393436,285.263754570151
395.604029084117,232.570277235845
395.670735774798,309.707445155006
395.737442465479,311.89245017159
395.80414915616,209.054136070039
395.870855846841,308.989450382742
395.937562537522,131.415997547104
396.004269228203,360.107426089204
396.070975918884,28.6249679089716
396.137682609565,358.61637458833
396.204389300247,239.13428380986
396.271095990928,245.328230492303
396.337802681609,324.816549235624
396.40450937229,218.660798355157
396.471216062971,368.914208364484
396.537922753652,183.280080644341
396.604629444333,88.2182034945968
396.671336135014,206.326550121787
396.738042825695,258.998016751465
396.804749516376,247.347938019418
396.871456207057,283.104864251621
396.938162897738,75.1970264817308
397.004869588419,141.741494915819
397.0715762791,275.253033998881
397.138282969782,317.833333199308
397.204989660463,414.555789580898
397.271696351144,19.5462652406077
397.338403041825,212.396922311214
397.405109732506,213.202297739012
397.471816423187,146.259664971553
397.538523113868,137.295918600012
397.605229804549,169.266226823535
397.67193649523,85.7505516782504
397.738643185911,131.859677391203
397.805349876592,185.06252569594
397.872056567273,160.810985407167
397.938763257955,270.69932912111
398.005469948636,177.708166676559
398.072176639317,165.535339675013
398.138883329998,177.605222207778
398.205590020679,110.773718334194
398.27229671136,97.0961590839052
398.339003402041,129.940060409061
398.405710092722,284.966858308041
398.472416783403,201.612215849175
398.539123474084,126.229420176838
398.605830164765,68.0955912100455
398.672536855446,173.785786201677
398.739243546127,201.483692688323
398.805950236808,123.023009355915
398.87265692749,62.3483556675786
398.939363618171,67.6722314760614
399.006070308852,158.287705962511
399.072776999533,21.0745701850637
399.139483690214,289.574358140414
399.206190380895,231.109553019304
399.272897071576,72.4793585131363
399.339603762257,253.081242839848
399.406310452938,80.9455809078754
399.473017143619,122.816437753375
399.5397238343,83.3748174382371
399.606430524981,81.5581281949034
399.673137215662,192.848977174103
399.739843906344,63.8151193677342
399.806550597025,198.407044597623
399.873257287706,219.680490790858
399.939963978387,79.0813838406795
400.006670669068,157.030391575288
400.073377359749,162.043464225073
400.14008405043,191.864420238301
400.206790741111,183.293262286373
400.273497431792,180.342151109695
400.340204122473,218.558545316923
400.406910813154,396.282089242933
400.473617503835,410.062326146893
400.540324194516,200.535186155522
400.607030885198,192.452766075817
400.673737575879,96.4586576699355
400.74044426656,225.664363063908
400.807150957241,315.846760756103
400.873857647922,84.3320820968586
400.940564338603,335.327493472917
401.007271029284,103.101909338232
401.073977719965,158.023992818656
401.140684410646,127.301874906735
401.207391101327,236.540515858919
401.274097792008,219.201869528759
401.340804482689,124.46297682195
401.40751117337,229.931356524309
401.474217864051,113.173484471995
401.540924554733,345.563125939721
401.607631245414,146.779726000289
401.674337936095,171.975736747255
401.741044626776,198.937764042904
401.807751317457,200.880869369621
401.874458008138,288.406223055384
401.941164698819,200.071936338644
402.0078713895,49.6234425068412
402.074578080181,122.901481464396
402.141284770862,24.1023236578899
402.207991461543,272.12344974909
402.274698152224,122.481958317742
402.341404842905,166.839820488296
402.408111533587,164.453866632452
402.474818224268,141.246741805438
402.541524914949,358.412986044593
402.60823160563,148.188191218466
402.674938296311,225.792472063141
402.741644986992,31.2819147848413
402.808351677673,37.787175178328
402.875058368354,76.0241623400266
402.941765059035,145.529398232844
403.008471749716,23.8452197679427
403.075178440397,52.6918849809704
403.141885131078,301.02497809384
403.208591821759,321.485009432149
403.27529851244,185.835453401235
403.342005203122,251.522432397835
403.408711893803,180.621449751362
403.475418584484,224.335572055602
403.542125275165,323.190358414797
403.608831965846,293.186131234877
403.675538656527,119.082546963804
403.742245347208,350.52587817181
403.808952037889,156.985881442971
403.87565872857,337.222536300538
403.942365419251,309.800048187331
404.009072109932,255.370865995474
404.075778800613,255.78292095273
404.142485491295,157.770028679358
404.209192181976,68.4698275618441
404.275898872657,116.823218507169
404.342605563338,233.922742994183
404.409312254019,64.6035223503891
404.4760189447,111.486959397745
404.542725635381,108.317134992743
404.609432326062,325.249294155717
404.676139016743,139.865567933611
404.742845707424,77.710651905103
404.809552398105,149.742488045948
404.876259088786,158.694136171368
404.942965779467,197.92466242127
405.009672470148,85.2316679108343
405.07637916083,282.171764667299
405.143085851511,81.3863483963767
405.209792542192,141.647464338756
405.276499232873,151.521974151817
405.343205923554,304.453235914497
405.409912614235,223.807132445823
405.476619304916,53.8955818064547
405.543325995597,313.373562568786
405.610032686278,47.746944887387
405.676739376959,167.265008152907
405.74344606764,311.640341374968
405.810152758321,117.580627919896
405.876859449002,120.024823254557
405.943566139684,150.352933767597
406.010272830365,389.716443017715
406.076979521046,277.165887526206
406.143686211727,104.995823065266
406.210392902408,95.273623429822
406.277099593089,160.018976477436
406.34380628377,247.406974580429
406.410512974451,275.224603447224
406.477219665132,218.875570622377
406.543926355813,310.098435124701
406.610633046494,188.443212753149
406.677339737175,69.6895758559432
406.744046427856,144.770484762791
406.810753118537,40.2973960108286
406.877459809219,210.593296141746
406.9441664999,166.137602484084
407.010873190581,191.693645125888
407.077579881262,181.801292909436
407.144286571943,170.118499743512
407.210993262624,39.9233310589335
407.277699953305,47.2244468644922
407.344406643986,74.6899525668952
407.411113334667,167.841502252653
407.477820025348,88.9865558654441
407.544526716029,158.43396594521
407.61123340671,228.326903449524
407.677940097391,91.2278896927997
407.744646788073,45.2353616620044
407.811353478754,217.930821137477
407.878060169435,53.6044367084319
407.944766860116,122.032537230355
408.011473550797,163.455696997303
408.078180241478,57.026030139267
408.144886932159,40.7026302872497
408.21159362284,114.129333764216
408.278300313521,274.369658548936
408.345007004202,103.332876758604
408.411713694883,318.065439020812
408.478420385564,128.724830353537
408.545127076245,166.951178589336
408.611833766927,123.846661877776
408.678540457608,182.419105988644
408.745247148289,180.966007163809
408.81195383897,87.833445122962
408.878660529651,118.887471547842
408.945367220332,171.175273223169
409.012073911013,167.777235322664
409.078780601694,48.2103592168951
409.145487292375,97.4857381326937
409.212193983056,79.9891861573861
409.278900673737,107.087655467423
409.345607364418,93.9356506679343
409.412314055099,116.073902275166
409.479020745781,70.5169402108719
409.545727436462,58.4942732553619
409.612434127143,252.166700268553
409.679140817824,31.6002480910851
409.745847508505,249.345104845542
409.812554199186,95.3612273802128
409.879260889867,263.74576334644
409.945967580548,258.889386448807
410.012674271229,58.1598133945655
410.07938096191,110.656027304916
410.146087652591,123.315136413073
410.212794343272,289.289428821266
410.279501033953,150.593877574693
410.346207724634,46.3139298730211
410.412914415316,178.500581635656
410.479621105997,134.445929435725
410.546327796678,173.328234717045
410.613034487359,135.78463586881
410.67974117804,43.7840305529467
410.746447868721,289.164717518067
410.813154559402,155.866207115116
410.879861250083,192.709822084397
410.946567940764,243.720136488407
411.013274631445,99.4888109992017
411.079981322126,226.212989552373
411.146688012807,297.634491064158
411.213394703488,143.300288872831
411.28010139417,109.963297252263
411.346808084851,171.029175852916
411.413514775532,159.745388433166
411.480221466213,188.560894886744
411.546928156894,189.231642530584
411.613634847575,192.67133416373
411.680341538256,146.402062398855
411.747048228937,124.23984755804
411.813754919618,277.454472072607
411.880461610299,113.600083266138
411.94716830098,63.4907811467715
412.013874991661,52.7505745293843
412.080581682342,178.235809053861
412.147288373024,259.006945462678
412.213995063705,91.0351910583032
412.280701754386,203.739488019163
412.347408445067,131.793207744484
412.414115135748,146.790933077147
412.480821826429,91.96757322842
412.54752851711,259.542291194666
412.614235207791,128.780110749025
412.680941898472,74.0160819440763
412.747648589153,94.4771020221261
412.814355279834,241.258124233483
412.881061970515,194.927520980297
412.947768661196,140.743664400727
413.014475351877,220.912466141846
413.081182042559,238.82030472964
413.14788873324,33.8970186501865
413.214595423921,149.914015681334
413.281302114602,364.308566009887
413.348008805283,246.714859991802
413.414715495964,72.1938431444589
413.481422186645,125.742250063341
413.548128877326,159.867331197818
413.614835568007,428.986799255247
413.681542258688,202.087785986362
413.748248949369,58.4987113329056
413.81495564005,148.517394216219
413.881662330732,34.8513741368432
413.948369021413,215.76880358789
414.015075712094,156.665876491928
414.081782402775,199.040646186674
414.148489093456,84.4795948459189
414.215195784137,149.084938638926
414.281902474818,199.004006010314
414.348609165499,54.1390411214371
414.41531585618,129.813209148232
414.482022546861,83.2167971372035
414.548729237542,342.158795137959
414.615435928223,400.897224217221
414.682142618904,164.033604021479
414.748849309585,52.8999160556359
414.815556000267,340.602533278402
414.882262690948,403.111020452815
414.948969381629,143.3462371066
415.01567607231,239.193857909153
415.082382762991,315.352617199638
415.149089453672,408.328249576177
415.215796144353,277.820676376894
415.282502835034,169.734750599097
415.349209525715,220.648267100653
415.415916216396,183.082716970322
415.482622907077,207.784085690585
415.549329597758,188.838778571587
415.616036288439,281.489108760705
415.682742979121,23.8258560814678
415.749449669802,130.59030076338
415.816156360483,321.137615773839
415.882863051164,193.350537667914
415.949569741845,171.571391439249
416.016276432526,192.668228370738
416.082983123207,242.785510637608
416.149689813888,170.715102815243
416.216396504569,97.7065339311995
416.28310319525,201.148265964241
416.349809885931,258.628356482237
416.416516576612,291.384387440757
416.483223267293,133.937861360816
416.549929957974,23.3838476214427
416.616636648656,127.433907613169
416.683343339337,226.720347159566
416.750050030018,74.5711151538713
416.816756720699,178.943876003533
416.88346341138,115.784992641419
416.950170102061,154.459448254871
417.016876792742,156.660485058219
417.083583483423,148.668155984636
417.150290174104,80.6425627810773
417.216996864785,90.4078646748492
417.283703555466,84.3138606844641
417.350410246147,245.764498400305
417.417116936828,188.160766808537
417.48382362751,263.847014071628
417.550530318191,203.793390803731
417.617237008872,137.333728088308
417.683943699553,104.726312318204
417.750650390234,29.6456974498708
417.817357080915,75.1762529657631
417.884063771596,7.59602128280758
417.950770462277,327.979153533407
418.017477152958,10.9367054508776
418.084183843639,188.163397494477
418.15089053432,79.9181789178419
418.217597225001,299.001226206467
418.284303915682,243.158456542939
418.351010606364,90.9667936928771
418.417717297045,154.045468757262
418.484423987726,183.910929622667
418.551130678407,266.550296273014
418.617837369088,115.726985127605
418.684544059769,148.186749741194
418.75125075045,80.187268475347
418.817957441131,307.601372729297
418.884664131812,99.0784842768477
418.951370822493,125.164902153748
419.018077513174,104.695300736281
419.084784203855,116.554735812447
419.151490894536,112.352282209873
419.218197585218,162.078459644602
419.284904275899,139.046100880717
419.35161096658,61.2784980233841
419.418317657261,117.169079187979
419.485024347942,239.129347907258
419.551731038623,112.368541489916
419.618437729304,57.8119659278917
419.685144419985,127.309619392619
419.751851110666,168.905178173543
419.818557801347,85.7818068880543
419.885264492028,43.8272142279582
419.951971182709,126.493874907328
420.01867787339,73.3035616600674
420.085384564071,267.792498536671
420.152091254753,58.8767951299469
420.218797945434,127.802390101715
420.285504636115,17.6771648117989
420.352211326796,261.655625274336
420.418918017477,172.047486110891
420.485624708158,114.918823421905
420.552331398839,92.7406685122869
420.61903808952,141.423418920805
420.685744780201,254.399987856417
420.752451470882,96.6416290645615
420.819158161563,24.2937818044265
420.885864852244,138.547525620301
420.952571542925,152.097250933158
421.019278233607,211.290431205558
421.085984924288,114.19955625681
421.152691614969,151.166011482607
421.21939830565,149.513184559818
421.286104996331,223.639056785852
421.352811687012,145.630504846197
421.419518377693,74.8366091414491
421.486225068374,103.260057646343
421.552931759055,219.473279729716
421.619638449736,74.3007090202864
421.686345140417,172.777378404369
421.753051831098,21.165599206075
421.819758521779,116.336297870796
421.886465212461,92.6200345765926
421.953171903142,98.6309600977355
422.019878593823,35.7564908458916
422.086585284504,89.5958735161029
422.153291975185,98.0001775375035
422.219998665866,58.1159078875899
422.286705356547,79.9900605925656
422.353412047228,262.344832146485
422.420118737909,182.967587762523
422.48682542859,76.4101280565808
422.553532119271,238.19828293405
422.620238809952,167.960478853678
422.686945500633,319.13565301493
422.753652191314,103.683811897657
422.820358881996,144.467820641362
422.887065572677,192.033843703489
422.953772263358,85.8147606649454
423.020478954039,110.007246987746
423.08718564472,44.6347321370589
423.153892335401,73.3738121632253
423.220599026082,219.244130055204
423.287305716763,125.38212902522
423.354012407444,284.107792117166
423.420719098125,91.7550672411609
423.487425788806,182.522865543099
423.554132479487,221.850452676318
423.620839170168,38.9625332702936
423.68754586085,40.9951275442624
423.754252551531,194.336057587908
423.820959242212,147.180238623354
423.887665932893,96.7603676369767
423.954372623574,72.0237463082756
424.021079314255,127.582060126314
424.087786004936,191.780828120674
424.154492695617,190.530526662478
424.221199386298,146.593606288959
424.287906076979,46.8212223399754
424.35461276766,120.175050479145
424.421319458341,191.01173490799
424.488026149022,272.620223493887
424.554732839704,165.253873399457
424.621439530385,220.237845922563
424.688146221066,104.333930816193
424.754852911747,294.744248401569
424.821559602428,118.357512127071
424.888266293109,185.452054735107
424.95497298379,96.3376234291042
425.021679674471,25.6122186489558
425.088386365152,51.4487914965716
425.155093055833,77.1580914801309
425.221799746514,164.422040410455
425.288506437195,81.7942755443043
425.355213127876,132.100435960865
425.421919818558,268.027668694948
425.488626509239,232.222147504319
425.55533319992,270.325921526937
425.622039890601,179.216854462141
425.688746581282,148.740221078272
425.755453271963,158.83563520749
425.822159962644,42.6401103002249
425.888866653325,84.0105351824196
425.955573344006,19.1702388605031
426.022280034687,123.999968665918
426.088986725368,117.908006658238
426.155693416049,272.170752397633
426.22240010673,142.867934487617
426.289106797411,173.039594212688
426.355813488093,283.244796250106
426.422520178774,163.530147458705
426.489226869455,162.088643672064
426.555933560136,144.041688933903
426.622640250817,395.303999477288
426.689346941498,23.8884813424589
426.756053632179,72.9344780092718
426.82276032286,146.35420279386
426.889467013541,103.129684166968
426.956173704222,194.209383390464
427.022880394903,233.310836474858
427.089587085584,114.666906679493
427.156293776265,131.42031213258
427.223000466947,43.0455315678398
427.289707157628,129.122128560244
427.356413848309,75.3464500808236
427.42312053899,168.598065061397
427.489827229671,5.46620934124594
427.556533920352,86.6867113558021
427.623240611033,349.876598287274
427.689947301714,152.143400761379
427.756653992395,161.004412948387
427.823360683076,380.636271681832
427.890067373757,210.876075988113
427.956774064438,130.88617743366
428.023480755119,58.8911427406816
428.0901874458,138.087489554803
428.156894136482,320.027639507935
428.223600827163,113.983797344366
428.290307517844,89.5756841885389
428.357014208525,81.8912672458864
428.423720899206,280.62125359757
428.490427589887,51.4816703008681
428.557134280568,331.240509081008
428.623840971249,18.1250173804828
428.69054766193,109.839005394105
428.757254352611,147.623108055569
428.823961043292,128.06956438367
428.890667733973,256.389409969517
428.957374424655,210.599712316455
429.024081115336,109.576867434107
429.090787806017,208.492222996456
429.157494496698,319.813221051195
429.224201187379,265.998109349089
429.29090787806,125.577875156401
429.357614568741,102.989703600655
429.424321259422,95.6721172842025
429.491027950103,231.774395172047
429.557734640784,137.702985204192
429.624441331465,311.648660303381
429.691148022146,61.1840305596778
429.757854712827,59.2244831558486
429.824561403508,85.7055910252991
429.89126809419,129.601262256915
429.957974784871,290.837791113889
430.024681475552,185.122426882504
430.091388166233,59.1013657897564
430.158094856914,18.9173614635337
430.224801547595,136.011949478082
430.291508238276,70.2971261430568
430.358214928957,125.374136499947
430.424921619638,153.969370260515
430.491628310319,101.157134937076
430.558335001,97.6811167414797
430.625041691681,81.3332278600969
430.691748382362,254.608303528207
430.758455073044,171.312954595894
430.825161763725,90.6514787289247
430.891868454406,136.354222008707
430.958575145087,208.300009378472
431.025281835768,277.714745377048
431.091988526449,147.78320954304
431.15869521713,216.766164695686
431.225401907811,158.307793282809
431.292108598492,82.5802099073294
431.358815289173,167.25236940546
431.425521979854,312.549792542611
431.492228670535,168.547140926805
431.558935361216,109.567967573738
431.625642051898,142.580210515371
431.692348742579,36.422098541793
431.75905543326,160.305581827893
431.825762123941,86.5101119791608
431.892468814622,200.206825892766
431.959175505303,144.337917076963
432.025882195984,230.923385854658
432.092588886665,169.585140029772
432.159295577346,33.9725571828147
432.226002268027,233.695624214873
432.292708958708,82.7696211043006
432.359415649389,33.635255223557
432.42612234007,117.614442771129
432.492829030751,120.727160208669
432.559535721433,106.472701422234
432.626242412114,53.1463044801454
432.692949102795,70.732403048355
432.759655793476,99.4641156983829
432.826362484157,29.1185023699127
432.893069174838,115.889266381118
432.959775865519,84.0041799629185
433.0264825562,298.55051535105
433.093189246881,195.545572238004
433.159895937562,57.5869416784903
433.226602628243,190.250254673439
433.293309318924,91.8173476610441
433.360016009605,134.037036036005
433.426722700287,201.228424209389
433.493429390968,41.7399976887185
433.560136081649,112.112363180447
433.62684277233,95.6504260093169
433.693549463011,62.9748796356066
433.760256153692,45.4718758094951
433.826962844373,188.136494936647
433.893669535054,115.728120935243
433.960376225735,109.601157540428
434.027082916416,119.098585285499
434.093789607097,109.700792712121
434.160496297778,83.4091572304797
434.227202988459,234.199592890197
434.29390967914,201.733388101968
434.360616369822,75.8997012740935
434.427323060503,81.3689901834231
434.494029751184,109.18439214959
434.560736441865,161.523652721425
434.627443132546,79.0036533072574
434.694149823227,47.9773670087539
434.760856513908,229.548384803834
434.827563204589,198.023494536468
434.89426989527,89.1304466883244
434.960976585951,160.088246263432
435.027683276632,144.647983783188
435.094389967313,241.448686053564
435.161096657995,202.400650622403
435.227803348676,162.102690243339
435.294510039357,90.6554249569518
435.361216730038,200.896947551553
435.427923420719,44.7011684708916
435.4946301114,226.778241700023
435.561336802081,207.932004005172
435.628043492762,41.8118306029255
435.694750183443,81.6012687076451
435.761456874124,185.283000851488
435.828163564805,61.7711508328566
435.894870255486,85.3021971215236
435.961576946167,129.793852147357
436.028283636848,79.284741324105
436.09499032753,146.380691447466
436.161697018211,189.335008817268
436.228403708892,69.9507503886669
436.295110399573,187.155041807094
436.361817090254,139.584806421279
436.428523780935,138.790080397286
436.495230471616,171.035315240432
436.561937162297,45.2365177805674
436.628643852978,178.239826107705
436.695350543659,186.485181699311
436.76205723434,130.372971119456
436.828763925021,82.0358539138466
436.895470615702,131.318043332382
436.962177306384,117.174999378526
437.028883997065,242.962097647476
437.095590687746,92.6630697066575
437.162297378427,123.850178389616
437.229004069108,80.6676759950373
437.295710759789,199.250109356537
437.36241745047,128.62513675898
437.429124141151,86.5826037584634
437.495830831832,107.27393449791
437.562537522513,68.5666446796633
437.629244213194,216.98957104338
437.695950903875,179.086990899739
437.762657594556,139.043618970937
437.829364285237,135.863420909136
437.896070975919,98.757125729919
437.9627776666,327.305564529942
438.029484357281,121.301819130573
438.096191047962,244.508727473668
438.162897738643,206.127287751918
438.229604429324,339.866153872383
438.296311120005,305.540626106128
438.363017810686,104.716905585867
438.429724501367,254.719098930828
438.496431192048,287.9136081171
438.563137882729,403.348667309035
438.62984457341,111.525617712577
438.696551264091,253.655017447994
438.763257954773,360.393080381806
438.829964645454,132.127720783336
438.896671336135,334.152161164624
438.963378026816,111.139578385877
439.030084717497,248.566557801587
439.096791408178,88.8868040951846
439.163498098859,261.598003521816
439.23020478954,36.4541935786086
439.296911480221,85.0612928870996
439.363618170902,249.180932657344
439.430324861583,281.937620874224
439.497031552264,51.5723147816603
439.563738242945,209.499264681715
439.630444933627,79.8488253170647
439.697151624308,159.504958624904
439.763858314989,127.427111612055
439.83056500567,177.640269441063
439.897271696351,235.438889755213
439.963978387032,296.518396350421
440.030685077713,207.12719968254
440.097391768394,134.126363215452
440.164098459075,106.481348366204
440.230805149756,21.1379797908346
440.297511840437,30.8275029645856
440.364218531118,126.387033110735
440.430925221799,193.017532115615
440.497631912481,73.2133614110196
440.564338603162,111.062144659137
440.631045293843,104.708572934266
440.697751984524,234.615306127458
440.764458675205,109.805095381558
440.831165365886,67.7458805892893
440.897872056567,14.6548032684784
440.964578747248,5.35174996525621
441.031285437929,295.665657904647
441.09799212861,60.5877373400548
441.164698819291,213.088033438741
441.231405509972,75.036592830933
441.298112200653,274.797917802551
441.364818891334,198.316657273389
441.431525582016,222.907907533923
441.498232272697,312.452179718469
441.564938963378,160.235314108028
441.631645654059,303.450202082497
441.69835234474,345.978323591573
441.765059035421,43.5311034738059
441.831765726102,166.561586411587
441.898472416783,201.70036727268
441.965179107464,366.816186019628
442.031885798145,152.093723336408
442.098592488826,267.014225763597
442.165299179507,123.214807332148
442.232005870188,226.353717566457
442.29871256087,323.341944217127
442.365419251551,71.3875360704165
442.432125942232,252.378757942728
442.498832632913,266.521052129238
442.565539323594,21.2996932781121
442.632246014275,269.971584377702
442.698952704956,58.0134773829544
442.765659395637,238.351454919727
442.832366086318,145.250272153812
442.899072776999,34.1936363808597
442.96577946768,218.016707118065
443.032486158361,75.7169359417713
443.099192849042,101.671316310344
443.165899539724,95.1357609414591
443.232606230405,125.234981818667
443.299312921086,249.57811964933
443.366019611767,82.0502218249246
443.432726302448,426.561715973224
443.499432993129,88.2202594481379
443.56613968381,79.7526153102595
443.632846374491,52.4223352871134
443.699553065172,88.6131778306839
443.766259755853,326.930544838809
443.832966446534,138.898210042475
443.899673137215,54.7986297649325
443.966379827896,52.9028588115181
444.033086518577,200.237627722573
444.099793209259,232.815082675887
444.16649989994,182.078530864634
444.233206590621,112.038847956965
444.299913281302,70.0384328788823
444.366619971983,116.139814722119
444.433326662664,65.4755184271685
444.500033353345,42.0043517896351
444.566740044026,80.6972253145998
444.633446734707,142.781280010023
444.700153425388,126.246346047725
444.766860116069,134.999737829622
444.83356680675,161.717289224842
444.900273497431,92.4710993840619
444.966980188113,99.6174090786956
445.033686878794,132.999211542803
445.100393569475,354.780343816494
445.167100260156,91.7483677398913
445.233806950837,20.5018166933488
445.300513641518,110.343608106997
445.367220332199,181.488408943424
445.43392702288,130.63900943275
445.500633713561,66.9483531466478
445.567340404242,104.48244896624
445.634047094923,69.3671584552471
445.700753785604,238.917881863254
445.767460476285,203.450578206561
445.834167166967,115.422358994907
445.900873857648,187.537105975143
445.967580548329,126.424820402249
446.03428723901,224.975735959844
446.100993929691,199.334680882069
446.167700620372,217.598199741465
446.234407311053,136.616399485542
446.301114001734,96.588087325725
446.367820692415,206.706621546978
446.434527383096,283.996965082881
446.501234073777,108.104475316886
446.567940764458,154.737218478225
446.634647455139,49.8332319168145
446.701354145821,239.160131169412
446.768060836502,280.547559195846
446.834767527183,77.2759993645585
446.901474217864,241.126815101014
446.968180908545,102.395239083803
447.034887599226,233.721497937865
447.101594289907,206.544907337521
447.168300980588,250.881256116549
447.235007671269,206.99008129151
447.30171436195,112.078683410103
447.368421052631,166.155295639519
447.435127743312,142.035576745958
447.501834433993,113.16600990283
447.568541124674,257.624822567179
447.635247815356,168.791889703469
447.701954506037,89.690057856148
447.768661196718,117.509350357773
447.835367887399,384.274839472928
447.90207457808,102.932791234777
447.968781268761,101.080707681716
448.035487959442,36.7729019262609
448.102194650123,86.1756116400581
448.168901340804,94.6685954492058
448.235608031485,192.529608487668
448.302314722166,216.21724386937
448.369021412847,199.722890221452
448.435728103528,66.85387994973
448.50243479421,119.377006985191
448.569141484891,168.87409516701
448.635848175572,100.873410378149
448.702554866253,59.7296739659407
448.769261556934,119.720955716195
448.835968247615,23.2198647146998
448.902674938296,189.175864181776
448.969381628977,127.487848857835
449.036088319658,58.0839188214427
449.102795010339,133.703711781041
449.16950170102,101.315793494836
449.236208391701,105.651641655653
449.302915082382,152.180284603374
449.369621773063,110.027262166038
449.436328463745,206.720449554927
449.503035154426,181.449964532173
449.569741845107,74.7772259883236
449.636448535788,136.732059467512
449.703155226469,150.267726659139
449.76986191715,65.623300525165
449.836568607831,54.5931201167516
449.903275298512,58.8634398850254
449.969981989193,132.36012660653
450.036688679874,69.996152017395
450.103395370555,151.123181189514
450.170102061236,136.176279875687
450.236808751918,195.149464483551
450.303515442599,69.3867697997301
450.37022213328,102.837395211804
450.436928823961,78.4710939529128
450.503635514642,88.3555288391944
450.570342205323,145.275379521199
450.637048896004,73.7673647859568
450.703755586685,245.940674058838
450.770462277366,104.03475657606
450.837168968047,96.0604971449674
450.903875658728,40.1094886034753
450.970582349409,157.119678548181
451.03728904009,113.208523810898
451.103995730771,119.76139723247
451.170702421453,165.18080551476
451.237409112134,210.150863383974
451.304115802815,204.922980942865
451.370822493496,131.626260968671
451.437529184177,58.212049937986
451.504235874858,201.080850774194
451.570942565539,143.832699802462
451.63764925622,99.3703075507863
451.704355946901,273.150499533787
451.771062637582,53.5895579370414
451.837769328263,192.180078655332
451.904476018944,205.511322480224
451.971182709625,77.0795439066255
452.037889400307,45.5239587640032
452.104596090988,94.1658620114139
452.171302781669,184.102813965825
452.23800947235,183.066315812596
452.304716163031,61.6192551384285
452.371422853712,95.6711112651767
452.438129544393,140.964775795794
452.504836235074,120.589221734774
452.571542925755,138.60918841555
452.638249616436,33.04787042477
452.704956307117,200.035909501735
452.771662997798,278.645224113958
452.838369688479,66.1989953594252
452.905076379161,173.406592820325
452.971783069842,192.938510417887
453.038489760523,89.0509090308793
453.105196451204,247.682635098494
453.171903141885,361.482251256734
453.238609832566,134.452561135106
453.305316523247,98.7915946594545
453.372023213928,209.387995543496
453.438729904609,316.041317365081
453.50543659529,197.813669269057
453.572143285971,200.966092713788
453.638849976652,112.953376377334
453.705556667333,204.226944876424
453.772263358014,134.301282871195
453.838970048696,154.75480535753
453.905676739377,159.208308487864
453.972383430058,195.695698510511
454.039090120739,185.126457748109
454.10579681142,209.434347140406
454.172503502101,106.948404991766
454.239210192782,181.772544014675
454.305916883463,44.7742153537231
454.372623574144,109.792735528873
454.439330264825,167.9224069716
454.506036955506,45.8823050337645
454.572743646187,115.834012627552
454.639450336868,70.1517417918472
454.70615702755,101.566632001768
454.772863718231,186.134723246457
454.839570408912,359.414377215756
454.906277099593,102.131617048484
454.972983790274,212.041731860857
455.039690480955,130.717040774294
455.106397171636,225.151115202028
455.173103862317,204.991845338308
455.239810552998,127.337822839635
455.306517243679,187.657894189033
455.37322393436,194.164489353404
455.439930625041,132.233748788901
455.506637315722,159.557257738495
455.573344006404,25.252602189256
455.640050697085,124.907132887839
455.706757387766,233.956295040554
455.773464078447,316.207297382376
455.840170769128,329.155305621561
455.906877459809,120.690735969369
455.97358415049,204.767932485279
456.040290841171,221.920682011754
456.106997531852,189.92825433902
456.173704222533,224.880977548452
456.240410913214,89.8573131293085
456.307117603895,239.379081889697
456.373824294576,120.557664220309
456.440530985258,86.313273473371
456.507237675939,64.9075773298854
456.57394436662,29.40707021848
456.640651057301,28.8685652067413
456.707357747982,205.653595481792
456.774064438663,104.488000284337
456.840771129344,36.5779649348126
456.907477820025,146.966210569795
456.974184510706,128.320050157566
457.040891201387,291.665787369274
457.107597892068,197.112380655502
457.174304582749,220.665379138945
457.24101127343,223.466161549035
457.307717964111,314.899288512829
457.374424654793,113.300629863632
457.441131345474,161.69707809909
457.507838036155,135.419236733925
457.574544726836,190.117897475433
457.641251417517,250.458359263117
457.707958108198,97.2388657129686
457.774664798879,117.205499775021
457.84137148956,24.9766364504658
457.908078180241,111.0966908589
457.974784870922,160.221653803634
458.041491561603,184.865445124323
458.108198252284,51.0933917850764
458.174904942965,93.5113418474557
458.241611633647,244.924643152774
458.308318324328,209.325937075658
458.375025015009,168.446356014484
458.44173170569,138.307533773097
458.508438396371,116.763016733141
458.575145087052,305.426210874888
458.641851777733,195.317016458453
458.708558468414,235.116993424825
458.775265159095,142.693953923243
458.841971849776,172.804558959338
458.908678540457,112.309618700676
458.975385231138,184.04701419421
459.042091921819,84.1106103103942
459.1087986125,176.775906495221
459.175505303182,86.3405473058602
459.242211993863,210.198234298958
459.308918684544,272.897190505902
459.375625375225,26.828489792373
459.442332065906,78.7057313291466
459.509038756587,428.692005584274
459.575745447268,81.111647942678
459.642452137949,259.424778779199
459.70915882863,55.0825823606744
459.775865519311,141.097698733385
459.842572209992,127.784638250063
459.909278900673,155.938502597073
459.975985591355,189.672364871502
460.042692282036,206.158153656115
460.109398972717,82.214156601859
460.176105663398,274.166316570217
460.242812354079,46.5595642916118
460.30951904476,98.1391735496106
460.376225735441,158.478161861469
460.442932426122,263.220523968822
460.509639116803,139.315080062379
460.576345807484,218.910397184081
460.643052498165,234.649391360059
460.709759188846,174.043885598212
460.776465879527,156.481709760474
460.843172570208,20.1922741867289
460.90987926089,173.597010431702
460.976585951571,68.9700791472188
461.043292642252,132.72615780151
461.109999332933,226.815101483327
461.176706023614,8.38073694470239
461.243412714295,127.660996094188
461.310119404976,78.3006678174971
461.376826095657,169.036173677318
461.443532786338,392.41901224787
461.510239477019,39.4474754302457
461.5769461677,104.072637591865
461.643652858381,286.876889375372
461.710359549062,169.561157692755
461.777066239744,288.411874302663
461.843772930425,153.034911229772
461.910479621106,279.293423642548
461.977186311787,50.9943576814531
462.043893002468,180.790505873385
462.110599693149,124.335423179604
462.17730638383,211.248120432641
462.244013074511,69.173221273614
462.310719765192,199.873107307791
462.377426455873,161.781512695865
462.444133146554,165.072307569303
462.510839837235,121.136632653839
462.577546527916,32.6935750568015
462.644253218597,79.3096430593312
462.710959909279,150.999260651542
462.77766659996,61.5424963492406
462.844373290641,169.036029285044
462.911079981322,196.799598242132
462.977786672003,103.434692559817
463.044493362684,113.348226384296
463.111200053365,176.443671240085
463.177906744046,219.539642741794
463.244613434727,109.179276985962
463.311320125408,217.812365642648
463.378026816089,128.87782731714
463.44473350677,133.474896955546
463.511440197451,233.707329543541
463.578146888133,102.347030380459
463.644853578814,301.909824262872
463.711560269495,136.441926332844
463.778266960176,208.171651202405
463.844973650857,253.326375387623
463.911680341538,271.218638867569
463.978387032219,10.8788327428365
464.0450937229,125.2751027353
464.111800413581,177.111079750476
464.178507104262,223.644330121555
464.245213794943,58.5550300746456
464.311920485624,142.329925886318
464.378627176305,305.471685578874
464.445333866987,115.891024922465
464.512040557668,264.966011696111
464.578747248349,149.037228760506
464.64545393903,242.809555780622
464.712160629711,77.2827494976592
464.778867320392,228.580336051487
464.845574011073,199.643836374886
464.912280701754,220.972098159462
464.978987392435,83.425963695544
465.045694083116,68.4983331235927
465.112400773797,82.2829560884114
465.179107464478,146.255481764898
465.245814155159,180.589226096246
465.31252084584,84.2459686943586
465.379227536522,131.600988205527
465.445934227203,244.294486263398
465.512640917884,67.3595092457548
465.579347608565,217.863527593313
465.646054299246,72.0024662952129
465.712760989927,106.193818604242
465.779467680608,98.8393011298582
465.846174371289,117.223169479098
465.91288106197,235.548703888902
465.979587752651,253.016163044539
466.046294443332,100.615113771858
466.113001134013,119.85568509797
466.179707824695,100.860988969635
466.246414515376,311.946695057966
466.313121206057,272.817239711948
466.379827896738,208.853271930344
466.446534587419,62.3079062893597
466.5132412781,221.152245312501
466.579947968781,65.6577188280164
466.646654659462,167.351547784682
466.713361350143,203.920986200482
466.780068040824,105.41116370231
466.846774731505,10.9389328358492
466.913481422186,84.5753241813753
466.980188112867,131.27735732687
467.046894803548,133.130391619391
467.11360149423,379.764457367997
467.180308184911,137.817281017634
467.247014875592,209.824108035407
467.313721566273,236.380891073826
467.380428256954,140.117374470966
467.447134947635,88.2108232274567
467.513841638316,110.983595158275
467.580548328997,69.9372685840723
467.647255019678,56.3519879990004
467.713961710359,19.814511203902
467.78066840104,151.639488170952
467.847375091721,43.8381862577507
467.914081782402,59.1924357648591
467.980788473084,126.014904647451
468.047495163765,131.649339545525
468.114201854446,85.4947665117513
468.180908545127,19.7426932615971
468.247615235808,201.487302362465
468.314321926489,123.303616060506
468.38102861717,53.6262454624667
468.447735307851,29.6639205413419
468.514441998532,282.329826595509
468.581148689213,130.292257281181
468.647855379894,175.129858749742
468.714562070575,107.795119252177
468.781268761256,146.915290457219
468.847975451937,327.659862925521
468.914682142619,105.647449428908
468.9813888333,143.475503654889
469.048095523981,188.731461342614
469.114802214662,229.352512969143
469.181508905343,194.557164776048
469.248215596024,9.80140306468743
469.314922286705,101.651515735652
469.381628977386,256.125487849781
469.448335668067,272.432380390056
469.515042358748,183.021778233672
469.581749049429,178.937659684812
469.64845574011,187.612362979196
469.715162430791,277.893441589479
469.781869121473,367.710595818805
469.848575812154,110.847323456013
469.915282502835,173.50865374726
469.981989193516,34.8069766684327
470.048695884197,282.576048565705
470.115402574878,211.168426323979
470.182109265559,253.251224052317
470.24881595624,33.4783189561827
470.315522646921,248.314355413661
470.382229337602,133.116305861888
470.448936028283,51.6032124155981
470.515642718964,176.380205145798
470.582349409645,14.9657685318775
470.649056100327,214.578096791357
470.715762791008,153.394293991505
470.782469481689,169.005195792223
470.84917617237,143.726462625651
470.915882863051,30.7993773717761
470.982589553732,65.9774882390603
471.049296244413,137.181978971723
471.116002935094,244.039553477373
471.182709625775,50.5191157194637
471.249416316456,143.643103307216
471.316123007137,186.772060063322
471.382829697818,156.742862389953
471.449536388499,53.4698648433919
471.516243079181,47.1495662889494
471.582949769862,191.630450028971
471.649656460543,333.649681237459
471.716363151224,41.8765376711616
471.783069841905,81.0862996976915
471.849776532586,140.015184854184
471.916483223267,138.598341083963
471.983189913948,240.070692579907
472.049896604629,128.566541882812
472.11660329531,93.8273047920259
472.183309985991,149.039782191443
472.250016676672,140.976277619405
472.316723367353,176.22633975127
472.383430058034,158.256708191344
472.450136748716,174.769824079522
472.516843439397,162.511168436959
472.583550130078,193.551646951175
472.650256820759,135.292764919981
472.71696351144,49.5964069890531
472.783670202121,208.110790374433
472.850376892802,290.619807675775
472.917083583483,164.025589292238
472.983790274164,150.749197871257
473.050496964845,138.306353094809
473.117203655526,89.6447105035566
473.183910346207,66.7914768161041
473.250617036888,109.282605480628
473.31732372757,108.989089161176
473.384030418251,152.548449846356
473.450737108932,198.697683735453
473.517443799613,124.457736908568
473.584150490294,239.815849719011
473.650857180975,166.577138280782
473.717563871656,92.8441781608305
473.784270562337,110.0885209283
473.850977253018,40.2661038189799
473.917683943699,334.025671308415
473.98439063438,56.4695517737153
474.051097325061,43.595146974276
474.117804015742,57.8257744825839
474.184510706424,75.6494499052332
474.251217397105,131.531401300666
474.317924087786,195.874068146214
474.384630778467,77.8614766922007
474.451337469148,193.822361735926
474.518044159829,161.351414953253
474.58475085051,145.354279128261
474.651457541191,44.2577603928
474.718164231872,257.949441200876
474.784870922553,26.9876699189652
474.851577613234,106.48393335522
474.918284303915,144.323994436897
474.984990994596,82.3884842554085
475.051697685277,86.1562947150311
475.118404375959,353.443645818732
475.18511106664,154.304721719412
475.251817757321,77.1945537963951
475.318524448002,249.982727377902
475.385231138683,136.58321910782
475.451937829364,92.877886382481
475.518644520045,116.167415990189
475.585351210726,55.4937218408033
475.652057901407,29.243899388627
475.718764592088,81.7916475984145
475.785471282769,105.071557853585
475.85217797345,119.881414070592
475.918884664131,34.8615197150598
475.985591354813,138.033618384835
476.052298045494,91.7415288340431
476.119004736175,115.781386048804
476.185711426856,224.114206695216
476.252418117537,127.191533224868
476.319124808218,84.0009029065905
476.385831498899,180.812989528675
476.45253818958,284.326397327825
476.519244880261,61.7348770614553
476.585951570942,51.013766465006
476.652658261623,237.786171761641
476.719364952304,111.167588693412
476.786071642985,62.9724480227037
476.852778333667,128.442289980677
476.919485024348,134.515333901264
476.986191715029,250.656697317471
477.05289840571,66.8947986218494
477.119605096391,80.1839091531821
477.186311787072,245.794586503151
477.253018477753,167.060397089274
477.319725168434,133.086120911213
477.386431859115,154.178582527683
477.453138549796,130.785158859892
477.519845240477,240.34825956337
477.586551931158,69.4630999966472
477.653258621839,12.9664338300613
477.719965312521,89.7538841624413
477.786672003202,29.1373373192684
477.853378693883,220.711549972703
477.920085384564,214.613396049361
477.986792075245,83.5124243016796
478.053498765926,162.430403748799
478.120205456607,255.775659030951
478.186912147288,40.0684493121794
478.253618837969,138.063291279838
478.32032552865,125.136591592453
478.387032219331,250.993436431893
478.453738910012,115.592334129147
478.520445600693,185.112044554631
478.587152291374,161.942578250938
478.653858982056,159.325476621693
478.720565672737,159.793961767369
478.787272363418,223.868771756833
478.853979054099,190.570400069792
478.92068574478,114.419159527408
478.987392435461,110.594907816916
479.054099126142,196.935810342012
479.120805816823,144.367873168638
479.187512507504,166.047864578801
479.254219198185,69.020446319694
479.320925888866,268.382784505605
479.387632579547,217.167603704811
479.454339270228,209.207882959117
479.52104596091,231.923631572496
479.587752651591,104.290513379623
479.654459342272,180.094802326367
479.721166032953,257.721994688274
479.787872723634,171.501528225397
479.854579414315,118.110431198743
479.921286104996,160.819129803756
479.987992795677,189.376492713386
480.054699486358,34.9253618072013
480.121406177039,176.30019403795
480.18811286772,125.603933119174
480.254819558401,159.414317629021
480.321526249082,91.7177109131391
480.388232939763,113.256862607173
480.454939630445,174.276995766708
480.521646321126,206.789064140363
480.588353011807,205.767911209273
480.655059702488,176.938840504145
480.721766393169,87.9607543424847
480.78847308385,232.301205705699
480.855179774531,31.4994653436681
480.921886465212,338.68730372863
480.988593155893,61.9666666835091
481.055299846574,57.4473986374648
481.122006537255,73.0710054788822
481.188713227936,83.3838697813994
481.255419918618,303.76609514642
481.322126609299,181.809019087216
481.38883329998,133.361679314064
481.455539990661,73.3607753202341
481.522246681342,164.960316503826
481.588953372023,224.496326591827
481.655660062704,66.356409316894
481.722366753385,132.758706687952
481.789073444066,268.968175986452
481.855780134747,259.097595610902
481.922486825428,89.9728577036929
481.989193516109,132.556322946458
482.05590020679,274.235983839086
482.122606897471,71.9698091687932
482.189313588153,115.277990701416
482.256020278834,116.687630951269
482.322726969515,319.566850364742
482.389433660196,276.170388821126
482.456140350877,51.9154153035222
482.522847041558,138.950488634994
482.589553732239,199.904728588539
482.65626042292,262.946085419219
482.722967113601,249.395445052257
482.789673804282,400.277359462974
482.856380494963,135.608438783853
482.923087185644,234.906634351949
482.989793876325,29.9130731078492
483.056500567007,251.256722601254
483.123207257688,276.024202585077
483.189913948369,362.534662585013
483.25662063905,116.655267642628
483.323327329731,157.171506715341
483.390034020412,41.6130391027854
483.456740711093,177.30742706755
483.523447401774,376.874771679575
483.590154092455,137.366964986058
483.656860783136,201.663685617002
483.723567473817,126.654045078453
483.790274164498,115.768744912798
483.856980855179,207.088658416441
483.923687545861,137.898571766754
483.990394236542,15.3150755680771
484.057100927223,44.2267065468893
484.123807617904,280.817489498352
484.190514308585,81.936771523307
484.257220999266,118.972605455752
484.323927689947,103.685359028837
484.390634380628,238.988630822156
484.457341071309,193.60259225236
484.52404776199,182.599582738191
484.590754452671,157.86265297292
484.657461143352,98.6158612709211
484.724167834033,172.638468633176
484.790874524714,142.798363190504
484.857581215396,89.2869690377496
484.924287906077,87.7428913512671
484.990994596758,75.2479518316728
485.057701287439,187.394822901316
485.12440797812,75.6320001518601
485.191114668801,190.89852519471
485.257821359482,55.5435255050448
485.324528050163,278.227344803171
485.391234740844,157.200919211407
485.457941431525,297.893749051194
485.524648122206,173.709359168505
485.591354812887,234.014473763386
485.658061503568,329.780175470365
485.72476819425,124.333055677596
485.791474884931,86.5227407629389
485.858181575612,175.871191992689
485.924888266293,157.828475205296
485.991594956974,63.8828887947899
486.058301647655,170.508327046518
486.125008338336,148.427977421231
486.191715029017,88.5552350306742
486.258421719698,66.9806652733217
486.325128410379,116.147568192274
486.39183510106,74.8065289417563
486.458541791741,183.318144488766
486.525248482422,240.973173342334
486.591955173104,20.2276539449393
486.658661863785,297.676584238513
486.725368554466,142.101482339525
486.792075245147,229.619362450171
486.858781935828,407.125118766301
486.925488626509,62.3628797755419
486.99219531719,279.83297065831
487.058902007871,178.854561021725
487.125608698552,220.976866463775
487.192315389233,230.01108279185
487.259022079914,35.7928542845072
487.325728770595,178.630157768533
487.392435461276,118.603588126831
487.459142151958,148.250465928425
487.525848842639,168.21634059089
487.59255553332,48.2430781539187
487.659262224001,144.835602102851
487.725968914682,63.7031717330347
487.792675605363,198.696659671474
487.859382296044,64.2104299553422
487.926088986725,88.7166961999888
487.992795677406,95.4102732419426
488.059502368087,121.257332302788
488.126209058768,49.7112031461803
488.192915749449,54.1687368219703
488.25962244013,126.680774486814
488.326329130811,149.611605108459
488.393035821493,236.683852991693
488.459742512174,207.355468422974
488.526449202855,83.6251796233049
488.593155893536,210.855475671822
488.659862584217,17.7462676117544
488.726569274898,349.180983907926
488.793275965579,282.80396605823
488.85998265626,38.974249904542
488.926689346941,52.7959783076667
488.993396037622,137.467987758716
489.060102728303,142.419492988156
489.126809418984,200.788929229257
489.193516109665,44.4411812257161
489.260222800347,123.952359781631
489.326929491028,87.8542373181941
489.393636181709,59.8485298795059
489.46034287239,146.247342463411
489.527049563071,218.529030874286
489.593756253752,131.563167017466
489.660462944433,113.579078210892
489.727169635114,44.3249630360056
489.793876325795,31.8419326303581
489.860583016476,142.584798445716
489.927289707157,63.4020859384929
489.993996397838,170.758573563194
490.060703088519,64.6379178322837
490.1274097792,28.1399652728434
490.194116469882,220.890072958685
490.260823160563,77.0715294881792
490.327529851244,255.970160998741
490.394236541925,90.4268426661745
490.460943232606,80.2393484416452
490.527649923287,297.825969686272
490.594356613968,359.200622241184
490.661063304649,398.826606473603
490.72776999533,95.8715744408535
490.794476686011,149.186253926426
490.861183376692,184.824347025708
490.927890067373,319.929454022378
490.994596758055,228.255391830913
491.061303448736,88.8141459396553
491.128010139417,277.935083823322
491.194716830098,304.228963073808
491.261423520779,225.617413113922
491.32813021146,187.269718649764
491.394836902141,138.403057083671
491.461543592822,63.6808706873334
491.528250283503,100.863301530928
491.594956974184,139.52598312469
491.661663664865,106.946969354627
491.728370355546,123.382205374239
491.795077046227,233.486956562694
491.861783736908,161.779001089259
491.92849042759,72.0888008022659
491.995197118271,86.1541910085938
492.061903808952,72.9563388106388
492.128610499633,187.063108944378
492.195317190314,112.086129473895
492.262023880995,37.9504271732635
492.328730571676,51.11236597195
492.395437262357,277.05152363493
492.462143953038,393.446762386062
492.528850643719,303.206524352117
492.5955573344,169.478095744697
492.662264025081,246.821953681196
492.728970715762,309.608676217659
492.795677406444,173.547106066583
492.862384097125,319.334412059353
492.929090787806,126.407053063412
492.995797478487,163.791568026189
493.062504169168,112.030699995354
493.129210859849,83.2957956238261
493.19591755053,111.257800956271
493.262624241211,306.515251455853
493.329330931892,59.3544672401438
493.396037622573,225.983362781792
493.462744313254,91.7697413666777
493.529451003935,282.270180982948
493.596157694616,196.055446586365
493.662864385297,63.2827458732744
493.729571075979,311.83794298966
493.79627776666,320.756705225515
493.862984457341,323.667252455007
493.929691148022,174.636289274669
493.996397838703,169.963392182539
494.063104529384,193.070167302449
494.129811220065,70.9468458469012
494.196517910746,151.00769937741
494.263224601427,28.8861861232076
494.329931292108,109.667953729674
494.396637982789,61.3293017150402
494.46334467347,186.044040036155
494.530051364151,230.130076060201
494.596758054833,150.271480596066
494.663464745514,24.1314267962828
494.730171436195,155.682399822578
494.796878126876,155.097094269027
494.863584817557,399.03509921116
494.930291508238,264.771221131728
494.996998198919,91.2151272508603
495.0637048896,157.515630896931
495.130411580281,82.4657351048831
495.197118270962,304.896049710701
495.263824961643,207.851558382048
495.330531652324,153.149637207305
495.397238343005,197.950670904787
495.463945033687,225.098650546924
495.530651724368,161.171466930446
495.597358415049,57.4362312955684
495.66406510573,101.448372825204
495.730771796411,322.158479672671
495.797478487092,7.70997148002108
495.864185177773,235.96779745881
495.930891868454,44.1088308255533
495.997598559135,217.905634777031
496.064305249816,97.9205513360608
496.131011940497,51.2088163202664
496.197718631178,163.14829070956
496.264425321859,74.3065421325227
496.33113201254,218.008999485026
496.397838703222,158.09048511102
496.464545393903,339.262768179933
496.531252084584,161.671838992947
496.597958775265,133.003899230588
496.664665465946,230.106396710248
496.731372156627,274.338354064703
496.798078847308,98.3028038079738
496.864785537989,224.419879247968
496.93149222867,348.755219372622
496.998198919351,131.270895157813
497.064905610032,106.936209338668
497.131612300713,25.8145291897956
497.198318991395,190.652639775061
497.265025682076,176.298116850675
497.331732372757,121.521087728701
497.398439063438,81.2088799111413
497.465145754119,168.999101191114
497.5318524448,30.0968251614745
497.598559135481,120.010418667082
497.665265826162,126.969427269374
497.731972516843,147.323402830698
497.798679207524,156.787997727335
497.865385898205,78.799420365288
497.932092588886,47.5109843057874
497.998799279567,185.011029646989
498.065505970248,71.6155539977923
498.13221266093,158.812630107408
498.198919351611,90.9264213266222
498.265626042292,116.760916058739
498.332332732973,122.126071914455
498.399039423654,56.1516915694215
498.465746114335,132.217745642272
498.532452805016,95.8390505631828
498.599159495697,334.919132040067
498.665866186378,60.4892828440944
498.732572877059,188.475571307108
498.79927956774,163.273796906606
498.865986258421,199.765583795134
498.932692949102,111.017103625856
498.999399639784,93.6697724399436
499.066106330465,116.097998789347
499.132813021146,189.608409748505
499.199519711827,209.243608232698
499.266226402508,156.473812301792
499.332933093189,63.1001905527673
499.39963978387,206.47657424579
499.466346474551,304.200455033398
499.533053165232,336.001874697476
499.599759855913,115.242407269609
499.666466546594,271.642805365586
499.733173237275,48.7066383854719
499.799879927956,312.887993070686
499.866586618637,139.22562599686
499.933293309319,68.6662030354615
